1.455829752902E12
1 15498.00 -208.36 72.80 -0.34 0.05
1 15698.00 -216.42 69.68 -0.34 0.05
1 15698.00 -216.42 69.68 -0.34 0.05
1 15698.00 -216.42 69.68 -0.34 0.05
1 15698.00 -216.42 69.68 -0.34 0.05
1 15698.00 -216.42 69.68 -0.34 0.05
1 15898.00 -225.80 67.94 -0.34 0.05
1 15898.00 -225.86 67.93 -0.34 0.05
1 16098.00 -231.22 67.88 -0.34 0.05
1 16098.00 -231.22 67.88 -0.34 0.05
1 16298.00 -236.20 68.42 -0.34 0.05
1 16298.00 -236.20 68.42 -0.34 0.05
1 16298.00 -236.20 68.42 -0.34 0.05
1 16898.00 -256.59 70.77 2.49 -0.34
1 16898.00 -256.59 70.77 2.49 -0.34
1 16898.00 -256.59 70.77 2.49 -0.34
1 17098.00 -262.66 70.67 0.83 -1.12
1 17098.00 -262.72 70.67 0.83 -1.12
1 17098.00 -262.78 70.66 0.83 -1.12
1 17298.00 -265.38 70.34 3.57 0.05
1 17298.00 -265.38 70.34 3.57 0.05
1 17298.00 -265.38 70.34 3.57 0.05
1 17298.00 -265.38 70.34 3.57 0.05
1 17298.00 -265.38 70.34 3.57 0.05
1 17298.00 -265.38 70.34 3.57 0.05
1 17298.00 -265.38 70.34 3.57 0.05
1 17298.00 -265.38 70.34 3.57 0.05
1 17298.00 -265.38 70.34 3.57 0.05
1 17298.00 -265.38 70.34 3.57 0.05
1 17498.00 -268.25 68.92 16.47 2.20
1 17498.00 -268.25 68.92 16.47 2.20
1 17698.00 -267.88 68.55 19.21 5.52
1 17698.00 -267.86 68.54 19.21 5.52
1 17898.00 -261.54 66.45 24.49 5.52
1 18098.00 -254.67 65.04 29.37 6.30
1 18098.00 -254.67 65.04 29.37 6.30
1 18098.00 -254.67 65.04 29.37 6.30
1 18098.00 -254.67 65.04 29.37 6.30
1 18098.00 -254.67 65.04 29.37 6.30
1 18098.00 -254.67 65.04 29.37 6.30
1 18098.00 -254.67 65.04 29.37 6.30
1 18298.00 -244.53 63.27 30.16 4.74
1 18298.00 -244.42 63.26 30.16 4.74
1 18298.00 -244.32 63.24 30.16 4.74
1 18298.00 -244.22 63.22 30.16 4.74
1 18498.00 -231.11 62.31 31.33 7.48
1 18898.00 -194.31 60.99 32.89 7.48
1 18898.00 -194.18 60.98 32.89 7.48
1 19098.00 -168.83 59.24 32.89 7.48
1 19098.00 -168.83 59.24 32.89 7.48
1 19098.00 -168.83 59.24 32.89 7.48
1 19098.00 -168.83 59.24 32.89 7.48
1 19098.00 -168.83 59.24 32.89 7.48
1 19098.00 -168.83 59.24 32.89 7.48
1 19098.00 -168.83 59.24 32.89 7.48
1 19298.00 -147.78 57.55 32.89 6.30
1 19498.00 -125.32 55.76 32.89 6.30
1 19498.00 -125.17 55.75 32.89 6.30
1 19498.00 -125.01 55.74 32.89 6.30
1 19498.00 -124.86 55.73 32.89 6.30
1 19498.00 -124.71 55.73 32.89 6.30
1 19698.00 -113.15 55.36 31.33 4.74
1 19898.00 -84.85 55.50 31.33 4.74
1 19898.00 -84.85 55.50 31.33 4.74
1 19898.00 -84.85 55.50 31.33 4.74
1 19898.00 -84.85 55.50 31.33 4.74
1 19898.00 -84.85 55.50 31.33 4.74
1 20098.00 -66.53 56.61 31.33 3.18
1 20298.00 -46.72 56.66 28.59 -1.52
1 20298.00 -46.72 56.66 28.59 -1.52
1 20298.00 -46.72 56.66 28.59 -1.52
1 20298.00 -46.72 56.66 28.59 -1.52
1 20498.00 -32.48 52.27 15.10 -8.65
1 20498.00 -32.48 52.27 15.10 -8.65
1 20498.00 -32.48 52.27 15.10 -8.65
1 20498.00 -32.48 52.27 15.10 -8.65
1 20498.00 -32.48 52.27 15.10 -8.65
1 20498.00 -32.48 52.27 15.10 -8.65
1 20498.00 -32.48 52.27 15.10 -8.65
1 20498.00 -32.48 52.27 15.10 -8.65
1 20698.00 -27.50 50.50 0.05 0.05
1 20898.00 -25.28 51.78 -0.34 0.05
1 20898.00 -25.28 51.78 -0.34 0.05
1 20898.00 -25.28 51.78 -0.34 0.05
1 20898.00 -25.28 51.78 -0.34 0.05
1 20898.00 -25.28 51.78 -0.34 0.05
1 20898.00 -25.28 51.78 -0.34 0.05
1 21298.00 -15.76 60.09 -0.34 0.05
1 21498.00 -9.11 64.48 -0.34 0.05
1 21498.00 -9.11 64.48 -0.34 0.05
1 21698.00 0.24 69.64 -0.34 0.05
1 21698.00 0.24 69.64 -0.34 0.05
1 21898.00 5.65 72.58 -0.34 0.05
1 21898.00 5.72 72.62 -0.34 0.05
1 21898.00 5.79 72.66 -0.34 0.05
1 21898.00 5.86 72.70 -0.34 0.05
1 21898.00 5.94 72.74 -0.34 0.05
1 22098.00 18.19 81.14 -0.34 0.05
1 22098.00 18.19 81.14 -0.34 0.05
1 22098.00 18.19 81.14 -0.34 0.05
1 22098.00 18.19 81.14 -0.34 0.05
1 22098.00 18.19 81.14 -0.34 0.05
1 22298.00 31.99 93.83 -0.34 0.05
1 22298.00 31.99 93.83 -0.34 0.05
1 22498.00 37.97 100.68 -0.34 0.05
1 22498.00 38.04 100.76 -0.34 0.05
1 22698.00 44.52 109.25 0.05 0.05
1 22898.00 49.38 116.15 -0.34 2.79
1 22898.00 49.38 116.15 -0.34 2.79
1 22898.00 49.38 116.15 -0.34 2.79
1 22898.00 49.38 116.15 -0.34 2.79
1 22898.00 49.38 116.15 -0.34 2.79
1 23098.00 51.80 120.05 -0.34 0.05
1 23298.00 58.72 129.85 1.61 -0.34
1 23298.00 58.72 129.85 1.61 -0.34
1 23298.00 58.72 129.85 1.61 -0.34
1 23498.00 66.46 140.27 -0.05 -1.12
1 23698.00 68.85 144.81 -0.34 3.18
1 23898.00 71.93 153.00 1.61 4.74
1 23898.00 71.93 153.00 1.61 4.74
1 23898.00 71.93 153.00 1.61 4.74
1 24098.00 73.99 156.74 15.69 12.56
1 24098.00 73.99 156.74 15.69 12.56
1 24098.00 73.99 156.74 15.69 12.56
1 24498.00 88.31 183.37 18.43 34.56
1 24698.00 90.70 189.85 18.43 38.37
1 24698.00 90.70 189.85 18.43 38.37
1 24698.00 90.70 189.85 18.43 38.37
1 25098.00 91.90 193.86 15.69 50.00
1 25098.00 91.90 193.86 15.69 50.00
1 25098.00 91.90 193.86 15.69 50.00
1 25098.00 91.90 193.86 15.69 50.00
1 25298.00 96.23 210.63 14.52 45.80
2 29898.00 96.33 211.02 2.79 2.79
2 29898.00 96.33 211.02 2.79 2.79
2 29898.00 96.33 211.02 2.79 2.79
2 30298.00 91.81 216.03 6.30 14.91
2 30498.00 92.23 226.14 9.04 21.55
2 30698.00 95.09 241.44 11.00 28.20
2 30698.00 95.09 241.44 11.00 28.20
2 31098.00 110.19 286.62 14.52 35.63
2 31098.00 110.19 286.62 14.52 35.63
2 31098.00 110.19 286.62 14.52 35.63
2 31098.00 110.19 286.62 14.52 35.63
2 31098.00 110.19 286.62 14.52 35.63
2 31098.00 110.19 286.62 14.52 35.63
2 31298.00 114.88 300.14 15.69 35.63
2 31298.00 114.88 300.14 15.69 35.63
2 31298.00 114.88 300.14 15.69 35.63
2 31298.00 114.88 300.14 15.69 35.63
2 31498.00 121.56 318.33 13.73 19.40
2 31498.00 121.61 318.44 11.78 16.86
2 31498.00 121.65 318.55 11.78 16.86
2 31498.00 121.69 318.66 11.78 16.86
2 31698.00 125.61 327.04 11.00 3.57
2 31698.00 125.61 327.04 11.00 3.57
2 31898.00 130.86 333.65 10.51 -1.12
2 31898.00 130.86 333.65 10.51 -1.12
2 31898.00 130.86 333.65 10.51 -1.12
2 31898.00 130.86 333.65 10.51 -1.12
2 31898.00 130.86 333.65 10.51 -1.12
2 32098.00 135.94 337.44 11.00 -4.64
2 32298.00 144.14 338.32 15.69 -12.85
2 32498.00 152.83 336.18 16.67 -17.16
2 32498.00 152.83 336.18 16.67 -17.16
2 32698.00 166.03 331.05 17.06 -21.46
2 32698.00 166.11 331.02 16.47 -21.46
2 32698.00 166.18 330.98 16.47 -21.46
2 32698.00 166.26 330.95 16.47 -21.46
2 32698.00 166.33 330.92 16.47 -21.46
2 32698.00 166.41 330.89 16.47 -21.46
2 32898.00 170.81 328.27 8.26 -24.19
2 33298.00 173.59 320.30 -0.34 -32.40
2 33298.00 173.60 320.22 -0.34 -32.40
2 33498.00 175.61 302.78 -0.34 -35.92
2 33498.00 175.61 302.78 -0.34 -35.92
2 33498.00 175.61 302.78 -0.34 -35.92
2 33498.00 175.61 302.78 -0.34 -35.92
2 33498.00 175.61 302.78 -0.34 -35.92
2 33698.00 177.18 281.44 -0.34 -42.18
2 33898.00 178.08 269.52 -0.34 -44.92
2 33898.00 178.10 269.34 -0.34 -44.92
2 33898.00 178.11 269.16 -0.34 -44.92
2 34098.00 180.31 250.68 -0.34 -44.92
2 34498.00 186.87 210.56 -0.34 -44.92
2 34498.00 186.90 210.38 -0.34 -44.92
2 34498.00 186.94 210.19 -0.34 -44.92
2 34498.00 186.97 210.00 -0.34 -44.92
2 34498.00 187.00 209.81 -0.34 -44.92
2 34698.00 188.53 201.41 -1.52 -29.67
2 34698.00 188.53 201.41 -1.52 -29.67
2 34698.00 188.53 201.41 -1.52 -29.67
2 34698.00 188.53 201.41 -1.52 -29.67
2 34698.00 188.53 201.41 -1.52 -29.67
2 34698.00 188.53 201.41 -1.52 -29.67
2 34898.00 187.85 190.52 -15.49 -7.38
2 35098.00 181.36 188.21 -32.40 -0.34
2 35098.00 181.26 188.20 -32.60 -0.34
2 35298.00 168.81 188.53 -35.14 0.83
2 35298.00 168.81 188.53 -35.14 0.83
2 35498.00 162.17 189.32 -37.68 1.61
2 35698.00 147.85 191.78 -38.27 1.61
2 35698.00 147.73 191.81 -38.27 1.61
2 35898.00 136.92 194.19 -38.27 3.57
2 36098.00 124.12 197.42 -38.27 3.57
2 36098.00 124.12 197.42 -38.27 3.57
2 36298.00 108.13 201.86 -38.27 3.57
2 36298.00 108.03 201.89 -38.27 3.57
2 36298.00 107.93 201.92 -38.27 3.57
2 36498.00 100.38 204.41 -38.27 3.57
2 36498.00 100.38 204.41 -38.27 3.57
2 36498.00 100.38 204.41 -38.27 3.57
2 36498.00 100.38 204.41 -38.27 3.57
2 36498.00 100.38 204.41 -38.27 3.57
2 36498.00 100.38 204.41 -38.27 3.57
2 36698.00 89.37 209.42 -38.27 4.74
2 36698.00 89.37 209.42 -38.27 4.74
2 36898.00 80.36 214.26 -37.10 4.74
2 36898.00 80.27 214.31 -37.10 4.74
2 36898.00 80.18 214.36 -36.71 4.45
2 36898.00 80.08 214.41 -36.71 4.45
2 37498.00 88.16 226.28 -0.34 0.05
2 37498.00 88.20 226.30 -0.34 0.05
2 37498.00 88.25 226.32 -0.34 0.05
2 37498.00 88.30 226.34 -0.34 0.05
2 37698.00 91.55 227.47 -0.34 0.05
2 37698.00 91.55 227.47 -0.34 0.05
2 38098.00 97.43 229.45 -0.34 0.05
2 38098.00 97.45 229.46 -0.34 0.05
2 38298.00 98.75 230.69 -0.34 0.05
2 38298.00 98.75 230.69 -0.34 0.05
2 38298.00 98.75 230.69 -0.34 0.05
2 38498.00 98.76 230.83 -0.34 0.05
2 38698.00 97.94 231.48 -0.34 0.05
2 38698.00 97.92 231.49 -0.34 0.05
2 38898.00 94.65 232.52 -0.34 0.05
2 38898.00 94.65 232.52 -0.34 0.05
2 39098.00 92.90 232.95 -0.34 0.05
2 39098.00 92.90 232.95 -0.34 0.05
2 39298.00 90.64 233.39 -0.34 0.05
2 39698.00 79.08 234.35 -0.34 0.05
2 39698.00 79.08 234.35 -0.34 0.05
2 39698.00 79.08 234.35 -0.34 0.05
2 39698.00 79.08 234.35 -0.34 0.05
2 39698.00 79.08 234.35 -0.34 0.05
2 39698.00 79.08 234.35 -0.34 0.05
3 45098.00 72.29 232.67 -2.30 -0.34
3 45098.00 72.29 232.67 -2.30 -0.34
3 45698.00 83.00 235.67 5.52 -0.34
3 45698.00 83.00 235.67 5.52 -0.34
3 45698.00 83.00 235.67 5.52 -0.34
3 45698.00 83.00 235.67 5.52 -0.34
3 45898.00 86.34 236.84 17.06 -0.34
3 46098.00 107.63 243.68 22.73 -0.34
3 46098.00 107.63 243.68 22.73 -0.34
3 46098.00 107.63 243.68 22.73 -0.34
3 46098.00 107.63 243.68 22.73 -0.34
3 46098.00 107.63 243.68 22.73 -0.34
3 46298.00 137.37 253.12 26.64 -0.34
3 46298.00 137.37 253.12 26.64 -0.34
3 46298.00 137.37 253.12 26.64 -0.34
3 46298.00 137.37 253.12 26.64 -0.34
3 46298.00 137.37 253.12 26.64 -0.34
3 46298.00 137.37 253.12 26.64 -0.34
3 46698.00 172.25 264.73 22.73 -0.34
3 46698.00 172.25 264.73 22.73 -0.34
3 46698.00 172.25 264.73 22.73 -0.34
3 46698.00 172.25 264.73 22.73 -0.34
3 46698.00 172.25 264.73 22.73 -0.34
3 46898.00 177.38 267.36 -0.34 -3.86
3 47098.00 177.12 273.11 -34.36 -17.16
3 47298.00 170.13 273.84 -36.51 -14.42
3 47298.00 170.13 273.84 -36.51 -14.42
3 47298.00 170.13 273.84 -36.51 -14.42
3 47298.00 170.13 273.84 -36.51 -14.42
3 47298.00 170.13 273.84 -36.51 -14.42
3 47298.00 170.13 273.84 -36.51 -14.42
3 47498.00 156.25 276.06 -39.05 -12.85
3 47498.00 156.25 276.06 -39.05 -12.85
3 47498.00 156.25 276.06 -39.05 -12.85
3 47698.00 137.23 279.63 -38.27 -12.85
3 47898.00 121.90 281.92 -34.36 -12.85
3 47898.00 121.90 281.92 -34.36 -12.85
3 47898.00 121.90 281.92 -34.36 -12.85
3 48098.00 110.28 282.41 -23.61 -21.46
3 48098.00 110.28 282.41 -23.61 -21.46
3 48098.00 110.28 282.41 -23.61 -21.46
3 48098.00 110.28 282.41 -23.61 -21.46
3 48298.00 99.18 275.64 -23.41 -33.19
3 48298.00 99.09 275.57 -23.41 -33.97
3 48498.00 86.35 262.14 -24.19 -40.22
3 48698.00 71.10 243.20 -24.19 -44.92
3 48898.00 60.11 227.86 -24.19 -43.26
3 49098.00 55.85 221.30 -21.46 -42.96
3 49098.00 55.85 221.30 -21.46 -42.96
3 49098.00 55.85 221.30 -21.46 -42.96
3 49098.00 55.85 221.30 -21.46 -42.96
3 49098.00 55.85 221.30 -21.46 -42.96
3 49098.00 55.85 221.30 -21.46 -42.96
3 49098.00 55.85 221.30 -21.46 -42.96
3 49098.00 55.85 221.30 -21.46 -42.96
3 49098.00 55.85 221.30 -21.46 -42.96
3 49298.00 47.56 206.96 -20.28 -42.18
3 49298.00 47.56 206.96 -20.28 -42.18
3 49298.00 47.56 206.96 -20.28 -42.18
3 49498.00 40.96 195.65 -22.24 -42.18
3 49698.00 19.14 160.33 -22.24 -42.18
3 49698.00 19.14 160.33 -22.24 -42.18
3 50098.00 -7.97 113.99 -19.50 -44.92
3 50098.00 -8.07 113.80 -19.50 -44.92
3 50098.00 -8.17 113.60 -19.50 -44.92
3 50298.00 -13.45 96.43 -0.15 -24.19
3 50298.00 -13.45 96.43 -0.15 -24.19
3 50298.00 -13.45 96.43 -0.15 -24.19
3 50298.00 -13.45 96.43 -0.15 -24.19
3 50298.00 -13.45 96.43 -0.15 -24.19
3 50698.00 -15.85 83.01 -0.34 -3.08
3 50698.00 -15.86 82.95 -0.34 -3.08
3 50898.00 -15.75 77.37 -0.34 -3.08
3 50898.00 -15.75 77.37 -0.34 -3.08
3 50898.00 -15.75 77.37 -0.34 -3.08
3 50898.00 -15.75 77.37 -0.34 -3.08
3 50898.00 -15.75 77.37 -0.34 -3.08
3 51098.00 -13.52 69.06 0.05 -3.08
3 51298.00 -10.55 60.38 0.05 -14.42
3 51298.00 -10.52 60.29 0.05 -14.42
3 51298.00 -10.50 60.20 0.05 -14.42
3 51298.00 -10.47 60.11 0.05 -14.42
3 51698.00 -4.31 42.36 -0.34 -1.91
3 51698.00 -4.31 42.36 -0.34 -1.91
3 51698.00 -4.31 42.36 -0.34 -1.91
3 51698.00 -4.31 42.36 -0.34 -1.91
3 51698.00 -4.31 42.36 -0.34 -1.91
3 51698.00 -4.31 42.36 -0.34 -1.91
3 51898.00 -2.60 39.51 -0.34 -0.34
3 52098.00 -1.19 36.58 -0.34 -0.34
3 52098.00 -1.19 36.58 -0.34 -0.34
3 52298.00 -0.93 35.97 -0.34 -0.34
3 52298.00 -0.93 35.97 -0.34 -0.34
3 52298.00 -0.93 35.97 -0.34 -0.34
3 52498.00 0.08 32.70 -1.52 -0.34
3 52498.00 0.08 32.67 -1.52 -0.34
3 52698.00 0.06 31.06 -1.52 -0.34
3 52898.00 -2.47 26.38 -3.47 -0.34
3 52898.00 -2.47 26.38 -3.47 -0.34
3 52898.00 -2.47 26.38 -3.47 -0.34
3 52898.00 -2.47 26.38 -3.47 -0.34
3 53098.00 -8.14 20.89 -4.25 -2.20
3 53298.00 -14.41 14.42 -0.93 -2.79
3 53298.00 -14.41 14.42 -0.93 -2.79
3 53298.00 -14.41 14.42 -0.93 -2.79
3 53298.00 -14.41 14.42 -0.93 -2.79
3 53498.00 -18.46 10.09 1.61 -0.34
3 53498.00 -18.46 10.09 1.61 -0.34
3 53498.00 -18.46 10.09 1.61 -0.34
3 53498.00 -18.46 10.09 1.61 -0.34
3 53698.00 -21.53 6.87 3.37 -0.34
3 53698.00 -21.57 6.84 3.37 -0.34
3 53898.00 -22.14 6.24 5.52 0.05
3 53898.00 -22.14 6.24 5.52 0.05
3 53898.00 -22.14 6.24 5.52 0.05
3 53898.00 -22.14 6.24 5.52 0.05
3 53898.00 -22.14 6.24 5.52 0.05
3 53898.00 -22.14 6.24 5.52 0.05
3 54498.00 -27.45 -1.75 0.05 0.05
3 54498.00 -27.45 -1.75 0.05 0.05
3 54498.00 -27.45 -1.75 0.05 0.05
3 54498.00 -27.45 -1.75 0.05 0.05
3 54498.00 -27.45 -1.75 0.05 0.05
3 54698.00 -33.41 -7.99 0.05 0.05
3 54698.00 -33.41 -7.99 0.05 0.05
3 54698.00 -33.41 -7.99 0.05 0.05
3 54698.00 -33.41 -7.99 0.05 0.05
3 54698.00 -33.41 -7.99 0.05 0.05
3 54698.00 -33.41 -7.99 0.05 0.05
3 54698.00 -33.41 -7.99 0.05 0.05
3 54898.00 -37.28 -11.61 -0.34 0.05
3 54898.00 -37.32 -11.64 -0.34 0.05
3 54898.00 -37.36 -11.67 -0.34 0.05
3 54898.00 -37.40 -11.70 -0.34 0.05
4 57898.00 -38.16 -11.03 -0.34 0.05
4 57898.00 -38.15 -11.00 -0.34 0.05
4 57898.00 -38.13 -10.97 -0.34 0.05
4 57898.00 -38.11 -10.93 -0.34 0.05
4 57898.00 -38.10 -10.90 -0.34 0.05
4 57898.00 -38.08 -10.87 -0.34 0.05
4 57898.00 -38.07 -10.83 -0.34 0.05
4 58098.00 -35.76 -7.05 -0.34 0.05
4 58098.00 -35.76 -7.05 -0.34 0.05
4 58098.00 -35.76 -7.05 -0.34 0.05
4 58098.00 -35.76 -7.05 -0.34 0.05
4 58098.00 -35.76 -7.05 -0.34 0.05
4 58098.00 -35.76 -7.05 -0.34 0.05
4 58098.00 -35.76 -7.05 -0.34 0.05
4 58098.00 -35.76 -7.05 -0.34 0.05
4 58298.00 -32.14 -2.70 -0.34 0.05
4 58298.00 -32.14 -2.70 -0.34 0.05
4 58298.00 -32.14 -2.70 -0.34 0.05
4 58298.00 -32.14 -2.70 -0.34 0.05
4 58898.00 -27.14 1.21 -0.34 0.05
4 58898.00 -27.14 1.21 -0.34 0.05
4 58898.00 -27.14 1.21 -0.34 0.05
4 58898.00 -27.14 1.21 -0.34 0.05
4 59298.00 -21.99 4.00 -0.34 0.05
4 59298.00 -21.99 4.00 -0.34 0.05
4 59298.00 -21.99 4.00 -0.34 0.05
4 59298.00 -21.99 4.00 -0.34 0.05
4 59498.00 -15.82 6.35 -0.34 0.05
4 59498.00 -15.82 6.35 -0.34 0.05
4 59498.00 -15.82 6.35 -0.34 0.05
4 59698.00 -9.93 7.38 -0.34 0.05
4 59698.00 -9.89 7.38 -0.34 0.05
4 59698.00 -9.85 7.38 -0.34 0.05
4 59698.00 -9.81 7.39 -0.34 0.05
4 59698.00 -9.78 7.39 -0.34 0.05
4 59898.00 -4.41 7.34 -0.34 0.05
4 59898.00 -4.41 7.34 -0.34 0.05
4 59898.00 -4.41 7.34 -0.34 0.05
4 59898.00 -4.41 7.34 -0.34 0.05
4 59898.00 -4.41 7.34 -0.34 0.05
4 59898.00 -4.41 7.34 -0.34 0.05
4 59898.00 -4.41 7.34 -0.34 0.05
4 60298.00 7.85 6.28 -0.34 0.05
4 60298.00 7.93 6.28 -0.34 0.05
4 60298.00 8.00 6.27 -0.34 0.05
4 60898.00 31.84 5.52 -0.34 0.05
4 60898.00 31.91 5.52 -0.34 0.05
4 60898.00 31.98 5.52 -0.34 0.05
4 60898.00 32.05 5.52 -0.34 0.05
4 60898.00 32.12 5.52 -0.34 0.05
4 60898.00 32.19 5.52 -0.34 0.05
4 60898.00 32.26 5.52 -0.34 0.05
4 61098.00 36.02 5.80 -0.34 0.05
4 61098.00 36.02 5.80 -0.34 0.05
4 61098.00 36.02 5.80 -0.34 0.05
4 61098.00 36.02 5.80 -0.34 0.05
4 61098.00 36.02 5.80 -0.34 0.05
4 61298.00 42.63 7.46 -0.34 0.05
4 61298.00 42.63 7.46 -0.34 0.05
4 61298.00 42.63 7.46 -0.34 0.05
4 61498.00 51.97 11.95 -0.34 0.05
4 61498.00 52.02 11.98 -0.34 0.05
4 61498.00 52.07 12.01 -0.34 0.05
4 61698.00 54.62 14.16 -0.34 0.05
4 61698.00 54.62 14.16 -0.34 0.05
4 61698.00 54.62 14.16 -0.34 0.05
4 61698.00 54.62 14.16 -0.34 0.05
4 61698.00 54.62 14.16 -0.34 0.05
4 61698.00 54.62 14.16 -0.34 0.05
4 61698.00 54.62 14.16 -0.34 0.05
4 61698.00 54.62 14.16 -0.34 0.05
4 61698.00 54.62 14.16 -0.34 0.05
4 61698.00 54.62 14.16 -0.34 0.05
4 61698.00 54.62 14.16 -0.34 0.05
4 61898.00 59.20 20.57 -0.34 0.05
4 62098.00 61.82 26.31 -0.34 0.05
4 62298.00 62.95 30.70 -0.34 0.05
4 62298.00 62.95 30.70 -0.34 0.05
4 62298.00 62.95 30.70 -0.34 0.05
4 62298.00 62.95 30.70 -0.34 0.05
4 62298.00 62.95 30.70 -0.34 0.05
4 62298.00 62.95 30.70 -0.34 0.05
4 62298.00 62.95 30.70 -0.34 0.05
4 62298.00 62.95 30.70 -0.34 0.05
4 62298.00 62.95 30.70 -0.34 0.05
4 62298.00 62.95 30.70 -0.34 0.05
4 62498.00 64.06 40.10 -0.34 0.05
4 62498.00 64.06 40.10 -0.34 0.05
4 62498.00 64.06 40.10 -0.34 0.05
4 62498.00 64.06 40.10 -0.34 0.05
4 62498.00 64.06 40.10 -0.34 0.05
4 62498.00 64.06 40.10 -0.34 0.05
4 62698.00 63.68 45.30 -0.34 0.05
4 62698.00 63.67 45.34 -0.34 0.05
4 62698.00 63.66 45.38 -0.34 0.05
4 62698.00 63.65 45.42 -0.34 0.05
4 62698.00 63.65 45.46 -0.34 0.05
4 62698.00 63.64 45.50 -0.34 0.05
4 62698.00 63.63 45.54 -0.34 0.05
4 62898.00 62.58 48.14 -0.34 0.05
4 62898.00 62.58 48.14 -0.34 0.05
4 62898.00 62.58 48.14 -0.34 0.05
4 63098.00 59.78 51.66 -0.34 0.05
4 63098.00 59.78 51.66 -0.34 0.05
4 63098.00 59.78 51.66 -0.34 0.05
4 63098.00 59.78 51.66 -0.34 0.05
4 63098.00 59.78 51.66 -0.34 0.05
4 63098.00 59.78 51.66 -0.34 0.05
4 63298.00 56.72 54.36 -0.34 0.05
4 63498.00 52.32 57.59 -0.34 0.05
4 63498.00 52.32 57.59 -0.34 0.05
4 63498.00 52.32 57.59 -0.34 0.05
4 63498.00 52.32 57.59 -0.34 0.05
4 63498.00 52.32 57.59 -0.34 0.05
4 63698.00 48.02 60.14 -0.34 0.05
4 63898.00 43.32 61.72 -0.34 -0.34
4 63898.00 43.29 61.73 -0.34 -0.34
4 64098.00 38.54 62.32 -0.34 -0.34
4 64098.00 38.54 62.32 -0.34 -0.34
4 64098.00 38.54 62.32 -0.34 -0.34
4 64098.00 38.54 62.32 -0.34 -0.34
4 64098.00 38.54 62.32 -0.34 -0.34
4 64298.00 32.54 62.40 -1.52 -0.34
4 64298.00 32.54 62.40 -1.52 -0.34
4 64298.00 32.54 62.40 -1.52 -0.34
4 64298.00 32.54 62.40 -1.52 -0.34
4 64298.00 32.54 62.40 -1.52 -0.34
4 64498.00 28.40 61.87 -2.30 -1.91
4 64698.00 19.84 59.27 -2.30 -1.91
4 64698.00 19.84 59.27 -2.30 -1.91
4 64698.00 19.84 59.27 -2.30 -1.91
4 64698.00 19.84 59.27 -2.30 -1.91
4 64698.00 19.84 59.27 -2.30 -1.91
4 64898.00 17.55 58.31 -2.30 -3.08
4 64898.00 17.55 58.31 -2.30 -3.08
4 64898.00 17.55 58.31 -2.30 -3.08
4 64898.00 17.55 58.31 -2.30 -3.08
4 64898.00 17.55 58.31 -2.30 -3.08
4 65098.00 10.83 54.02 -0.34 -0.34
4 65098.00 10.78 53.99 -0.34 -0.34
4 65098.00 10.72 53.95 -0.34 -0.34
4 65098.00 10.67 53.91 -0.34 -0.34
4 65298.00 10.24 53.61 -0.34 -0.34
4 65298.00 10.24 53.61 -0.34 -0.34
4 65298.00 10.24 53.61 -0.34 -0.34
4 65298.00 10.24 53.61 -0.34 -0.34
4 65298.00 10.24 53.61 -0.34 -0.34
4 65298.00 10.24 53.61 -0.34 -0.34
4 65498.00 10.14 53.53 -0.34 -0.34
4 65498.00 10.14 53.53 -0.34 -0.34
4 65698.00 4.74 48.19 -2.30 -0.34
4 65898.00 1.17 43.52 -2.30 -0.34
4 65898.00 1.17 43.52 -2.30 -0.34
4 65898.00 1.17 43.52 -2.30 -0.34
4 65898.00 1.17 43.52 -2.30 -0.34
4 65898.00 1.17 43.52 -2.30 -0.34
4 65898.00 1.17 43.52 -2.30 -0.34
4 65898.00 1.17 43.52 -2.30 -0.34
4 65898.00 1.17 43.52 -2.30 -0.34
4 65898.00 1.17 43.52 -2.30 -0.34
4 65898.00 1.17 43.52 -2.30 -0.34
4 66098.00 -1.15 37.17 -0.34 -0.34
4 66098.00 -1.15 37.17 -0.34 -0.34
4 66098.00 -1.15 37.17 -0.34 -0.34
4 66098.00 -1.15 37.17 -0.34 -0.34
4 66098.00 -1.15 37.17 -0.34 -0.34
4 66298.00 -2.01 33.35 -0.34 -0.34
4 66298.00 -2.02 33.30 -0.34 -0.34
4 66898.00 -7.13 5.85 -0.34 -0.34
4 67098.00 -7.54 1.25 -0.34 -0.34
4 67098.00 -7.54 1.25 -0.34 -0.34
4 67098.00 -7.54 1.25 -0.34 -0.34
4 67098.00 -7.54 1.25 -0.34 -0.34
4 67098.00 -7.54 1.25 -0.34 -0.34
4 67098.00 -7.54 1.25 -0.34 -0.34
4 67098.00 -7.54 1.25 -0.34 -0.34
4 67098.00 -7.54 1.25 -0.34 -0.34
4 67098.00 -7.54 1.25 -0.34 -0.34
4 67098.00 -7.54 1.25 -0.34 -0.34
4 67098.00 -7.54 1.25 -0.34 -0.34
4 67098.00 -7.54 1.25 -0.34 -0.34
4 67298.00 -7.79 -3.98 0.05 0.83
4 67298.00 -7.79 -3.98 0.05 0.83
4 67298.00 -7.79 -3.98 0.05 0.83
4 67298.00 -7.79 -3.98 0.05 0.83
4 67498.00 -8.31 -9.40 0.05 0.83
4 67498.00 -8.32 -9.45 0.05 0.83
4 67698.00 -9.69 -14.17 0.05 1.61
5 139498.00 -11.42 -16.97 -0.34 2.79
5 139498.00 -11.44 -16.98 -0.34 2.79
5 139498.00 -11.47 -17.00 -0.34 2.79
5 139498.00 -11.49 -17.01 -0.34 2.79
5 139498.00 -11.51 -17.02 -0.34 2.79
5 139498.00 -11.53 -17.03 -0.34 2.79
5 139698.00 -13.97 -18.04 -0.34 1.61
5 139698.00 -13.97 -18.04 -0.34 1.61
5 139698.00 -13.97 -18.04 -0.34 1.61
5 139698.00 -13.97 -18.04 -0.34 1.61
5 139698.00 -13.97 -18.04 -0.34 1.61
5 139698.00 -13.97 -18.04 -0.34 1.61
5 140298.00 -35.61 -29.34 -0.93 0.05
5 140298.00 -35.61 -29.34 -0.93 0.05
5 140498.00 -43.33 -34.42 -0.34 -0.34
5 140498.00 -43.33 -34.42 -0.34 -0.34
5 140498.00 -43.33 -34.42 -0.34 -0.34
5 140498.00 -43.33 -34.42 -0.34 -0.34
5 140498.00 -43.33 -34.42 -0.34 -0.34
5 140498.00 -43.33 -34.42 -0.34 -0.34
5 140498.00 -43.33 -34.42 -0.34 -0.34
5 140498.00 -43.33 -34.42 -0.34 -0.34
5 140498.00 -43.33 -34.42 -0.34 -0.34
5 140698.00 -47.15 -37.46 -1.52 -0.34
5 140698.00 -47.21 -37.51 -1.52 -0.34
5 140698.00 -47.26 -37.55 -1.52 -0.34
5 140698.00 -47.31 -37.60 -1.52 -0.34
5 140898.00 -52.92 -42.71 -2.30 -0.34
5 140898.00 -52.92 -42.71 -2.30 -0.34
5 140898.00 -52.92 -42.71 -2.30 -0.34
5 140898.00 -52.92 -42.71 -2.30 -0.34
5 141098.00 -60.03 -49.75 -2.30 0.83
5 141098.00 -60.03 -49.75 -2.30 0.83
5 141098.00 -60.03 -49.75 -2.30 0.83
5 141098.00 -60.03 -49.75 -2.30 0.83
5 141098.00 -60.03 -49.75 -2.30 0.83
5 141098.00 -60.03 -49.75 -2.30 0.83
5 141098.00 -60.03 -49.75 -2.30 0.83
5 141098.00 -60.03 -49.75 -2.30 0.83
5 141298.00 -72.50 -61.93 -2.30 0.83
5 141298.00 -72.57 -62.00 -2.30 0.83
5 141298.00 -72.64 -62.08 -2.30 0.83
5 141298.00 -72.72 -62.15 -2.30 0.83
5 141298.00 -72.79 -62.22 -2.30 0.83
5 141498.00 -80.05 -68.99 -2.30 0.83
5 141498.00 -80.05 -68.99 -2.30 0.83
5 141698.00 -97.09 -83.62 -2.30 0.83
5 141698.00 -97.09 -83.62 -2.30 0.83
5 141698.00 -97.09 -83.62 -2.30 0.83
5 141698.00 -97.09 -83.62 -2.30 0.83
5 141698.00 -97.09 -83.62 -2.30 0.83
5 141698.00 -97.09 -83.62 -2.30 0.83
5 141698.00 -97.09 -83.62 -2.30 0.83
5 141698.00 -97.09 -83.62 -2.30 0.83
5 141698.00 -97.09 -83.62 -2.30 0.83
5 141698.00 -97.09 -83.62 -2.30 0.83
5 141698.00 -97.09 -83.62 -2.30 0.83
5 141898.00 -106.04 -89.97 -2.30 0.83
5 141898.00 -106.12 -90.02 -2.30 0.83
5 141898.00 -106.19 -90.07 -2.30 0.83
5 141898.00 -106.27 -90.12 -2.30 0.83
5 142098.00 -109.41 -91.99 -1.52 0.83
5 142098.00 -109.41 -91.99 -1.52 0.83
5 142098.00 -109.41 -91.99 -1.52 0.83
5 142098.00 -109.41 -91.99 -1.52 0.83
5 142098.00 -109.41 -91.99 -1.52 0.83
5 142298.00 -127.95 -100.34 -0.34 0.83
5 142298.00 -127.95 -100.34 -0.34 0.83
5 142298.00 -127.95 -100.34 -0.34 0.83
5 142298.00 -127.95 -100.34 -0.34 0.83
5 142498.00 -130.54 -101.28 -0.34 0.83
5 142698.00 -136.03 -102.90 -0.34 0.83
5 142698.00 -136.03 -102.90 -0.34 0.83
5 142698.00 -136.03 -102.90 -0.34 0.83
5 142698.00 -136.03 -102.90 -0.34 0.83
5 143098.00 -144.02 -103.54 -0.34 0.83
5 143098.00 -144.04 -103.53 -0.34 0.83
5 143098.00 -144.06 -103.53 -0.34 0.83
5 143098.00 -144.08 -103.53 -0.34 0.83
5 143098.00 -144.10 -103.52 -0.34 0.83
5 143098.00 -144.12 -103.52 -0.34 0.83
5 143098.00 -144.14 -103.51 -0.34 0.83
5 143098.00 -144.16 -103.51 -0.34 0.83
5 143098.00 -144.18 -103.50 -0.34 0.83
5 143098.00 -144.20 -103.50 -0.34 0.83
5 143098.00 -144.22 -103.49 -0.34 0.83
5 143298.00 -146.40 -102.65 -0.34 0.83
5 143298.00 -146.40 -102.65 -0.34 0.83
5 143298.00 -146.40 -102.65 -0.34 0.83
5 143298.00 -146.40 -102.65 -0.34 0.83
5 143298.00 -146.40 -102.65 -0.34 0.83
5 143298.00 -146.40 -102.65 -0.34 0.83
5 143298.00 -146.40 -102.65 -0.34 0.83
5 143298.00 -146.40 -102.65 -0.34 0.83
5 143498.00 -148.93 -101.24 -0.34 -0.34
5 143498.00 -148.93 -101.24 -0.34 -0.34
5 143498.00 -148.93 -101.24 -0.34 -0.34
5 143498.00 -148.93 -101.24 -0.34 -0.34
5 143698.00 -150.65 -100.03 -0.34 -0.34
5 143698.00 -150.66 -100.02 -0.34 -0.34
5 143698.00 -150.68 -100.01 -0.34 -0.34
5 143698.00 -150.69 -100.00 -0.34 -0.34
5 143698.00 -150.70 -99.99 -0.34 -0.34
5 143698.00 -150.72 -99.98 -0.34 -0.34
5 143898.00 -152.08 -98.46 -0.34 -0.34
5 143898.00 -152.08 -98.46 -0.34 -0.34
5 143898.00 -152.08 -98.46 -0.34 -0.34
5 143898.00 -152.08 -98.46 -0.34 -0.34
5 143898.00 -152.08 -98.46 -0.34 -0.34
5 143898.00 -152.08 -98.46 -0.34 -0.34
5 144098.00 -152.25 -96.96 -0.34 -0.34
5 144098.00 -152.25 -96.96 -0.34 -0.34
5 144098.00 -152.25 -96.96 -0.34 -0.34
5 144098.00 -152.25 -96.96 -0.34 -0.34
5 144098.00 -152.25 -96.96 -0.34 -0.34
5 144098.00 -152.25 -96.96 -0.34 -0.34
5 144698.00 -149.04 -87.96 -0.34 -0.34
5 145098.00 -148.83 -86.02 -0.34 -0.34
5 145098.00 -148.83 -86.02 -0.34 -0.34
5 145098.00 -148.83 -86.02 -0.34 -0.34
5 145098.00 -148.83 -86.02 -0.34 -0.34
5 145098.00 -148.83 -86.02 -0.34 -0.34
5 145098.00 -148.83 -86.02 -0.34 -0.34
5 145098.00 -148.83 -86.02 -0.34 -0.34
5 145098.00 -148.83 -86.02 -0.34 -0.34
5 145098.00 -148.83 -86.02 -0.34 -0.34
5 145098.00 -148.83 -86.02 -0.34 -0.34
5 145298.00 -148.35 -84.93 -0.34 -0.34
5 145298.00 -148.35 -84.93 -0.34 -0.34
5 145298.00 -148.35 -84.93 -0.34 -0.34
5 145298.00 -148.35 -84.93 -0.34 -0.34
5 145298.00 -148.35 -84.93 -0.34 -0.34
5 145298.00 -148.35 -84.93 -0.34 -0.34
5 145498.00 -147.79 -84.77 -0.34 -0.34
5 145698.00 -147.02 -84.46 -0.34 -0.34
5 145698.00 -147.02 -84.46 -0.34 -0.34
5 145698.00 -147.02 -84.46 -0.34 -0.34
5 145698.00 -147.02 -84.46 -0.34 -0.34
5 145898.00 -146.20 -84.02 -0.34 -0.34
5 145898.00 -146.20 -84.02 -0.34 -0.34
5 145898.00 -146.20 -84.02 -0.34 -0.34
5 145898.00 -146.20 -84.02 -0.34 -0.34
5 145898.00 -146.20 -84.02 -0.34 -0.34
5 145898.00 -146.20 -84.02 -0.34 -0.34
5 145898.00 -146.20 -84.02 -0.34 -0.34
5 145898.00 -146.20 -84.02 -0.34 -0.34
5 145898.00 -146.20 -84.02 -0.34 -0.34
5 145898.00 -146.20 -84.02 -0.34 -0.34
5 146098.00 -143.31 -82.56 -0.34 -0.34
5 146098.00 -143.28 -82.55 -0.34 -0.34
5 146098.00 -143.25 -82.54 -0.34 -0.34
5 146098.00 -143.22 -82.53 -0.34 -0.34
5 146098.00 -143.19 -82.51 -0.34 -0.34
5 146298.00 -138.33 -80.94 -0.34 -0.34
5 146298.00 -138.33 -80.94 -0.34 -0.34
5 146498.00 -129.51 -79.32 -0.34 -0.34
5 146498.00 -129.51 -79.32 -0.34 -0.34
5 146498.00 -129.51 -79.32 -0.34 -0.34
5 146498.00 -129.51 -79.32 -0.34 -0.34
5 146498.00 -129.51 -79.32 -0.34 -0.34
5 146498.00 -129.51 -79.32 -0.34 -0.34
5 146498.00 -129.51 -79.32 -0.34 -0.34
5 146498.00 -129.51 -79.32 -0.34 -0.34
5 146498.00 -129.51 -79.32 -0.34 -0.34
5 146498.00 -129.51 -79.32 -0.34 -0.34
5 146898.00 -108.87 -78.31 0.05 -0.34
5 146898.00 -108.87 -78.31 0.05 -0.34
5 146898.00 -108.87 -78.31 0.05 -0.34
5 146898.00 -108.87 -78.31 0.05 -0.34
5 146898.00 -108.87 -78.31 0.05 -0.34
5 146898.00 -108.87 -78.31 0.05 -0.34
5 146898.00 -108.87 -78.31 0.05 -0.34
5 146898.00 -108.87 -78.31 0.05 -0.34
5 146898.00 -108.87 -78.31 0.05 -0.34
5 147098.00 -101.38 -78.68 0.05 -0.34
5 147098.00 -101.38 -78.68 0.05 -0.34
5 147098.00 -101.38 -78.68 0.05 -0.34
5 147098.00 -101.38 -78.68 0.05 -0.34
5 147098.00 -101.38 -78.68 0.05 -0.34
5 147098.00 -101.38 -78.68 0.05 -0.34
5 147498.00 -86.90 -80.54 0.05 -0.34
5 147498.00 -86.90 -80.54 0.05 -0.34
5 147898.00 -72.82 -83.75 -0.34 -0.34
5 147898.00 -72.78 -83.76 -0.34 -0.34
5 147898.00 -72.74 -83.77 -0.34 -0.34
5 147898.00 -72.71 -83.78 -0.34 -0.34
5 148098.00 -66.23 -84.31 -0.34 -0.34
5 148098.00 -66.23 -84.31 -0.34 -0.34
5 148298.00 -65.43 -84.22 -0.34 -0.34
5 148298.00 -65.43 -84.22 -0.34 -0.34
5 148298.00 -65.43 -84.22 -0.34 -0.34
5 148298.00 -65.43 -84.22 -0.34 -0.34
5 148498.00 -63.41 -82.89 -0.34 -0.34
5 148498.00 -63.39 -82.86 -0.34 -0.34
5 148498.00 -63.36 -82.84 -0.34 -0.34
5 148698.00 -62.03 -80.74 -0.34 -0.34
5 148698.00 -62.03 -80.74 -0.34 -0.34
5 148698.00 -62.03 -80.74 -0.34 -0.34
5 148698.00 -62.03 -80.74 -0.34 -0.34
5 148698.00 -62.03 -80.74 -0.34 -0.34
5 148698.00 -62.03 -80.74 -0.34 -0.34
5 148698.00 -62.03 -80.74 -0.34 -0.34
5 148698.00 -62.03 -80.74 -0.34 -0.34
5 148698.00 -62.03 -80.74 -0.34 -0.34
5 148898.00 -59.87 -74.87 -0.34 -0.34
5 148898.00 -59.87 -74.87 -0.34 -0.34
5 148898.00 -59.87 -74.87 -0.34 -0.34
5 148898.00 -59.87 -74.87 -0.34 -0.34
5 148898.00 -59.87 -74.87 -0.34 -0.34
5 149098.00 -59.13 -69.51 -0.34 -1.12
5 149098.00 -59.13 -69.46 -0.34 -1.12
5 149298.00 -59.21 -65.39 -0.34 -1.12
5 149298.00 -59.21 -65.39 -0.34 -1.12
6 153298.00 -59.68 -63.62 -2.30 0.05
6 153298.00 -59.68 -63.64 -2.30 0.05
6 153498.00 -60.88 -67.91 -2.30 0.05
6 153498.00 -60.88 -67.91 -2.30 0.05
6 153498.00 -60.88 -67.91 -2.30 0.05
6 153498.00 -60.88 -67.91 -2.30 0.05
6 153498.00 -60.88 -67.91 -2.30 0.05
6 153698.00 -63.95 -73.33 -2.30 0.05
6 153698.00 -63.95 -73.33 -2.30 0.05
6 153698.00 -63.95 -73.33 -2.30 0.05
6 153698.00 -63.95 -73.33 -2.30 0.05
6 153698.00 -63.95 -73.33 -2.30 0.05
6 153698.00 -63.95 -73.33 -2.30 0.05
6 153698.00 -63.95 -73.33 -2.30 0.05
6 153698.00 -63.95 -73.33 -2.30 0.05
6 153698.00 -63.95 -73.33 -2.30 0.05
6 153698.00 -63.95 -73.33 -2.30 0.05
6 153898.00 -67.42 -77.75 -2.30 0.05
6 154098.00 -70.72 -80.98 -1.52 1.61
6 154098.00 -70.72 -80.98 -1.52 1.61
6 154098.00 -70.72 -80.98 -1.52 1.61
6 154098.00 -70.72 -80.98 -1.52 1.61
6 154098.00 -70.72 -80.98 -1.52 1.61
6 154098.00 -70.72 -80.98 -1.52 1.61
6 154298.00 -77.75 -87.21 -1.52 1.61
6 154298.00 -77.75 -87.21 -1.52 1.61
6 154298.00 -77.75 -87.21 -1.52 1.61
6 154298.00 -77.75 -87.21 -1.52 1.61
6 154298.00 -77.75 -87.21 -1.52 1.61
6 154298.00 -77.75 -87.21 -1.52 1.61
6 154498.00 -86.12 -94.23 -1.52 1.61
6 154698.00 -94.22 -100.07 -0.34 2.79
6 154698.00 -94.22 -100.07 -0.34 2.79
6 154698.00 -94.22 -100.07 -0.34 2.79
6 154698.00 -94.22 -100.07 -0.34 2.79
6 154898.00 -104.64 -106.40 -0.34 2.79
6 154898.00 -104.64 -106.40 -0.34 2.79
6 154898.00 -104.64 -106.40 -0.34 2.79
6 154898.00 -104.64 -106.40 -0.34 2.79
6 154898.00 -104.64 -106.40 -0.34 2.79
6 154898.00 -104.64 -106.40 -0.34 2.79
6 154898.00 -104.64 -106.40 -0.34 2.79
6 154898.00 -104.64 -106.40 -0.34 2.79
6 154898.00 -104.64 -106.40 -0.34 2.79
6 155098.00 -115.29 -112.36 -2.30 2.79
6 155098.00 -115.35 -112.40 -2.30 2.79
6 155098.00 -115.41 -112.43 -2.30 2.79
6 155298.00 -127.59 -119.61 -2.30 2.79
6 155298.00 -127.59 -119.61 -2.30 2.79
6 155298.00 -127.59 -119.61 -2.30 2.79
6 155298.00 -127.59 -119.61 -2.30 2.79
6 155498.00 -133.16 -123.98 -2.30 2.79
6 155498.00 -133.16 -123.98 -2.30 2.79
6 155498.00 -133.16 -123.98 -2.30 2.79
6 155698.00 -139.45 -131.48 0.05 0.83
6 155698.00 -139.49 -131.53 0.05 0.83
6 155698.00 -139.52 -131.58 0.05 0.83
6 155698.00 -139.55 -131.63 0.05 0.83
6 155898.00 -144.60 -139.74 0.05 0.05
6 155898.00 -144.60 -139.74 0.05 0.05
6 155898.00 -144.60 -139.74 0.05 0.05
6 155898.00 -144.60 -139.74 0.05 0.05
6 155898.00 -144.60 -139.74 0.05 0.05
6 155898.00 -144.60 -139.74 0.05 0.05
6 156298.00 -158.21 -156.70 0.05 0.05
6 156498.00 -165.88 -164.48 0.05 0.05
6 156498.00 -165.88 -164.48 0.05 0.05
6 156498.00 -165.88 -164.48 0.05 0.05
6 156498.00 -165.88 -164.48 0.05 0.05
6 156698.00 -169.89 -168.44 0.05 0.05
6 156698.00 -169.89 -168.44 0.05 0.05
6 156698.00 -169.89 -168.44 0.05 0.05
6 156698.00 -169.89 -168.44 0.05 0.05
6 156698.00 -169.89 -168.44 0.05 0.05
6 156698.00 -169.89 -168.44 0.05 0.05
6 156698.00 -169.89 -168.44 0.05 0.05
6 156698.00 -169.89 -168.44 0.05 0.05
6 157098.00 -182.40 -182.38 0.05 0.05
6 157098.00 -182.40 -182.38 0.05 0.05
6 157098.00 -182.40 -182.38 0.05 0.05
6 157098.00 -182.40 -182.38 0.05 0.05
6 157098.00 -182.40 -182.38 0.05 0.05
6 157098.00 -182.40 -182.38 0.05 0.05
6 157098.00 -182.40 -182.38 0.05 0.05
6 157098.00 -182.40 -182.38 0.05 0.05
6 157298.00 -183.69 -184.14 0.05 0.05
6 157298.00 -183.69 -184.14 0.05 0.05
6 157298.00 -183.69 -184.14 0.05 0.05
6 157498.00 -186.59 -189.30 0.05 0.05
6 157498.00 -186.61 -189.33 0.05 0.05
6 157898.00 -187.36 -193.01 0.05 0.05
6 157898.00 -187.36 -193.01 0.05 0.05
6 157898.00 -187.36 -193.01 0.05 0.05
6 157898.00 -187.36 -193.01 0.05 0.05
6 157898.00 -187.36 -193.01 0.05 0.05
6 157898.00 -187.36 -193.01 0.05 0.05
6 157898.00 -187.36 -193.01 0.05 0.05
6 157898.00 -187.36 -193.01 0.05 0.05
6 157898.00 -187.36 -193.01 0.05 0.05
6 158098.00 -187.35 -193.03 0.05 0.05
6 158098.00 -187.35 -193.03 0.05 0.05
6 158098.00 -187.35 -193.04 0.05 0.05
6 158098.00 -187.35 -193.04 0.05 0.05
6 158098.00 -187.35 -193.04 0.05 0.05
6 158498.00 -186.55 -188.97 0.05 0.05
6 158498.00 -186.55 -188.97 0.05 0.05
6 158498.00 -186.55 -188.97 0.05 0.05
6 158498.00 -186.55 -188.97 0.05 0.05
6 158498.00 -186.55 -188.97 0.05 0.05
6 158698.00 -184.06 -180.83 0.05 0.05
6 158698.00 -184.04 -180.78 0.05 0.05
6 158698.00 -184.03 -180.73 0.05 0.05
6 158698.00 -184.01 -180.68 0.05 0.05
6 158698.00 -183.99 -180.62 0.05 0.05
6 158898.00 -182.12 -175.56 0.05 0.05
6 158898.00 -182.12 -175.56 0.05 0.05
6 158898.00 -182.12 -175.56 0.05 0.05
6 158898.00 -182.12 -175.56 0.05 0.05
6 159298.00 -168.25 -138.39 0.05 0.05
6 159298.00 -168.22 -138.30 0.05 0.05
6 159498.00 -162.71 -121.27 0.05 0.05
6 159498.00 -162.71 -121.27 0.05 0.05
6 159498.00 -162.71 -121.27 0.05 0.05
6 159698.00 -160.79 -115.16 0.05 0.05
6 159698.00 -160.79 -115.16 0.05 0.05
6 159698.00 -160.79 -115.16 0.05 0.05
6 159698.00 -160.79 -115.16 0.05 0.05
6 159698.00 -160.79 -115.16 0.05 0.05
6 159698.00 -160.79 -115.16 0.05 0.05
6 159698.00 -160.79 -115.16 0.05 0.05
6 159698.00 -160.79 -115.16 0.05 0.05
6 159898.00 -158.92 -109.83 0.05 0.05
6 159898.00 -158.89 -109.76 0.05 0.05
6 160298.00 -150.48 -91.63 0.05 0.05
6 160298.00 -150.48 -91.63 0.05 0.05
6 160298.00 -150.48 -91.63 0.05 0.05
6 160298.00 -150.48 -91.63 0.05 0.05
6 160298.00 -150.48 -91.63 0.05 0.05
6 160298.00 -150.48 -91.63 0.05 0.05
6 160298.00 -150.48 -91.63 0.05 0.05
6 160298.00 -150.48 -91.63 0.05 0.05
6 160298.00 -150.48 -91.63 0.05 0.05
6 160298.00 -150.48 -91.63 0.05 0.05
6 160498.00 -146.08 -83.83 0.05 0.05
6 160498.00 -146.04 -83.78 0.05 0.05
6 160498.00 -146.01 -83.72 0.05 0.05
6 160498.00 -145.97 -83.66 0.05 0.05
6 160498.00 -145.93 -83.60 0.05 0.05
6 160498.00 -145.90 -83.54 0.05 0.05
6 160698.00 -141.03 -77.09 0.05 0.05
6 160698.00 -141.03 -77.09 0.05 0.05
6 160698.00 -141.03 -77.09 0.05 0.05
6 160698.00 -141.03 -77.09 0.05 0.05
6 160898.00 -140.12 -76.19 0.05 0.05
6 160898.00 -140.12 -76.19 0.05 0.05
6 160898.00 -140.12 -76.19 0.05 0.05
6 160898.00 -140.12 -76.19 0.05 0.05
6 160898.00 -140.12 -76.19 0.05 0.05
6 160898.00 -140.12 -76.19 0.05 0.05
6 160898.00 -140.12 -76.19 0.05 0.05
6 160898.00 -140.12 -76.19 0.05 0.05
6 161098.00 -132.88 -71.88 0.05 0.05
6 161098.00 -132.81 -71.84 0.05 0.05
6 161098.00 -132.74 -71.81 0.05 0.05
6 161098.00 -132.67 -71.78 0.05 0.05
6 161098.00 -132.59 -71.74 0.05 0.05
6 161098.00 -132.52 -71.71 0.05 0.05
6 161498.00 -103.40 -61.68 0.05 0.05
6 161498.00 -103.40 -61.68 0.05 0.05
6 161498.00 -103.40 -61.68 0.05 0.05
6 161498.00 -103.40 -61.68 0.05 0.05
6 161498.00 -103.40 -61.68 0.05 0.05
6 161498.00 -103.40 -61.68 0.05 0.05
6 161498.00 -103.40 -61.68 0.05 0.05
6 161498.00 -103.40 -61.68 0.05 0.05
6 161498.00 -103.40 -61.68 0.05 0.05
6 161498.00 -103.40 -61.68 0.05 0.05
6 161498.00 -103.40 -61.68 0.05 0.05
6 161698.00 -89.43 -57.93 0.05 0.05
6 161898.00 -78.62 -55.46 0.05 0.05
6 162098.00 -68.71 -54.15 0.05 0.05
6 162098.00 -68.71 -54.15 0.05 0.05
6 162098.00 -68.71 -54.15 0.05 0.05
6 162098.00 -68.71 -54.15 0.05 0.05
6 162098.00 -68.71 -54.15 0.05 0.05
6 162098.00 -68.71 -54.15 0.05 0.05
6 162098.00 -68.71 -54.15 0.05 0.05
6 162298.00 -57.21 -53.78 0.05 0.05
6 162698.00 -41.65 -54.12 0.05 0.05
6 162698.00 -41.65 -54.12 0.05 0.05
6 162698.00 -41.65 -54.12 0.05 0.05
6 162698.00 -41.65 -54.12 0.05 0.05
6 162698.00 -41.65 -54.12 0.05 0.05
6 162698.00 -41.65 -54.12 0.05 0.05
6 162698.00 -41.65 -54.12 0.05 0.05
6 162698.00 -41.65 -54.12 0.05 0.05
6 162898.00 -38.08 -53.88 0.05 0.05
6 162898.00 -38.06 -53.88 0.05 0.05
7 165698.00 -43.95 -55.33 0.05 0.05
7 166098.00 -57.80 -59.92 0.05 0.05
7 166098.00 -57.80 -59.92 0.05 0.05
7 166498.00 -73.54 -71.21 0.05 0.05
7 166498.00 -73.57 -71.25 0.05 0.05
7 166498.00 -73.61 -71.29 0.05 0.05
7 166698.00 -78.42 -77.57 0.05 0.05
7 166698.00 -78.42 -77.57 0.05 0.05
7 166698.00 -78.42 -77.57 0.05 0.05
7 166698.00 -78.42 -77.57 0.05 0.05
7 166898.00 -79.22 -78.94 0.05 0.05
7 166898.00 -79.22 -78.94 0.05 0.05
7 166898.00 -79.22 -78.94 0.05 0.05
7 166898.00 -79.22 -78.94 0.05 0.05
7 166898.00 -79.22 -78.94 0.05 0.05
7 166898.00 -79.22 -78.94 0.05 0.05
7 166898.00 -79.22 -78.94 0.05 0.05
7 166898.00 -79.22 -78.94 0.05 0.05
7 166898.00 -79.22 -78.94 0.05 0.05
7 166898.00 -79.22 -78.94 0.05 0.05
7 166898.00 -79.22 -78.94 0.05 0.05
7 167098.00 -81.78 -84.54 0.05 0.05
7 167098.00 -81.79 -84.57 0.05 0.05
7 167098.00 -81.81 -84.60 0.05 0.05
7 167098.00 -81.82 -84.63 0.05 0.05
7 167098.00 -81.83 -84.66 0.05 0.05
7 167298.00 -83.93 -89.28 0.05 0.05
7 167298.00 -83.93 -89.28 0.05 0.05
7 167298.00 -83.93 -89.28 0.05 0.05
7 167298.00 -83.93 -89.28 0.05 0.05
7 167298.00 -83.93 -89.28 0.05 0.05
7 167298.00 -83.93 -89.28 0.05 0.05
7 167298.00 -83.93 -89.28 0.05 0.05
7 167298.00 -83.93 -89.28 0.05 0.05
7 167298.00 -83.93 -89.28 0.05 0.05
7 167498.00 -85.74 -93.38 0.05 0.05
7 167498.00 -85.74 -93.38 0.05 0.05
7 167498.00 -85.74 -93.38 0.05 0.05
7 167498.00 -85.74 -93.38 0.05 0.05
7 167498.00 -85.74 -93.38 0.05 0.05
7 167498.00 -85.74 -93.38 0.05 0.05
7 167698.00 -87.04 -97.26 0.05 0.05
7 167898.00 -87.77 -101.13 0.05 0.05
7 167898.00 -87.77 -101.13 0.05 0.05
7 167898.00 -87.77 -101.13 0.05 0.05
7 167898.00 -87.77 -101.13 0.05 0.05
7 167898.00 -87.77 -101.13 0.05 0.05
7 167898.00 -87.77 -101.13 0.05 0.05
7 167898.00 -87.77 -101.13 0.05 0.05
7 167898.00 -87.77 -101.13 0.05 0.05
7 168098.00 -87.98 -104.23 0.05 0.05
7 168098.00 -87.98 -104.23 0.05 0.05
7 168098.00 -87.98 -104.23 0.05 0.05
7 168098.00 -87.98 -104.23 0.05 0.05
7 168098.00 -87.98 -104.23 0.05 0.05
7 168098.00 -87.98 -104.23 0.05 0.05
7 168098.00 -87.98 -104.23 0.05 0.05
7 168098.00 -87.98 -104.23 0.05 0.05
7 168098.00 -87.98 -104.23 0.05 0.05
7 168098.00 -87.98 -104.23 0.05 0.05
7 168098.00 -87.98 -104.23 0.05 0.05
7 168698.00 -90.63 -106.52 0.05 0.05
7 168698.00 -90.63 -106.52 0.05 0.05
7 168698.00 -90.63 -106.52 0.05 0.05
7 168698.00 -90.63 -106.52 0.05 0.05
7 168698.00 -90.63 -106.52 0.05 0.05
7 168698.00 -90.63 -106.52 0.05 0.05
7 168898.00 -92.45 -105.92 0.05 0.05
7 168898.00 -92.46 -105.92 0.05 0.05
7 168898.00 -92.48 -105.91 0.05 0.05
7 168898.00 -92.50 -105.90 0.05 0.05
7 168898.00 -92.52 -105.89 0.05 0.05
7 168898.00 -92.53 -105.89 0.05 0.05
7 168898.00 -92.55 -105.88 0.05 0.05
7 169098.00 -95.29 -104.17 0.05 0.05
7 169098.00 -95.29 -104.17 0.05 0.05
7 169298.00 -96.86 -102.88 0.05 0.05
7 169298.00 -96.86 -102.88 0.05 0.05
7 169298.00 -96.86 -102.88 0.05 0.05
7 169298.00 -96.86 -102.88 0.05 0.05
7 169298.00 -96.86 -102.88 0.05 0.05
7 169298.00 -96.86 -102.88 0.05 0.05
7 169498.00 -98.74 -101.04 0.05 0.05
7 169498.00 -98.75 -101.02 0.05 0.05
7 169498.00 -98.77 -101.00 0.05 0.05
7 169698.00 -100.76 -98.84 0.05 0.05
7 169898.00 -101.40 -97.90 0.05 0.05
7 169898.00 -101.40 -97.90 0.05 0.05
7 169898.00 -101.40 -97.90 0.05 0.05
7 169898.00 -101.40 -97.90 0.05 0.05
7 169898.00 -101.40 -97.90 0.05 0.05
7 170098.00 -99.86 -98.43 0.05 0.05
7 170298.00 -97.86 -99.72 0.05 0.05
7 170298.00 -97.86 -99.72 0.05 0.05
7 170298.00 -97.86 -99.72 0.05 0.05
7 170298.00 -97.86 -99.72 0.05 0.05
7 170298.00 -97.86 -99.72 0.05 0.05
7 170298.00 -97.86 -99.72 0.05 0.05
7 170298.00 -97.86 -99.72 0.05 0.05
7 170498.00 -95.76 -101.19 0.05 0.05
7 170498.00 -95.76 -101.19 0.05 0.05
7 170698.00 -92.30 -103.61 0.05 0.05
7 170698.00 -92.28 -103.62 0.05 0.05
7 170698.00 -92.26 -103.64 0.05 0.05
7 170698.00 -92.24 -103.65 0.05 0.05
7 170898.00 -91.42 -104.17 0.05 0.05
7 170898.00 -91.42 -104.17 0.05 0.05
7 170898.00 -91.42 -104.17 0.05 0.05
7 170898.00 -91.42 -104.17 0.05 0.05
7 170898.00 -91.42 -104.17 0.05 0.05
7 171098.00 -90.39 -104.63 0.05 0.05
7 171098.00 -90.39 -104.63 0.05 0.05
7 171098.00 -90.39 -104.63 0.05 0.05
7 171098.00 -90.39 -104.63 0.05 0.05
7 171698.00 -83.42 -106.47 0.05 0.05
7 171698.00 -83.42 -106.47 0.05 0.05
7 171698.00 -83.42 -106.47 0.05 0.05
7 171698.00 -83.42 -106.47 0.05 0.05
7 171698.00 -83.42 -106.47 0.05 0.05
7 171698.00 -83.42 -106.47 0.05 0.05
7 171698.00 -83.42 -106.47 0.05 0.05
7 171698.00 -83.42 -106.47 0.05 0.05
7 171898.00 -82.92 -106.61 0.05 0.05
7 171898.00 -82.90 -106.62 0.05 0.05
7 172098.00 -81.37 -106.75 0.05 0.05
7 172098.00 -81.37 -106.75 0.05 0.05
7 172098.00 -81.37 -106.75 0.05 0.05
7 172098.00 -81.37 -106.75 0.05 0.05
7 172098.00 -81.37 -106.75 0.05 0.05
7 172298.00 -77.83 -106.11 0.05 0.05
7 172298.00 -77.83 -106.11 0.05 0.05
7 172298.00 -77.83 -106.11 0.05 0.05
7 172498.00 -75.24 -105.30 0.05 0.05
7 172498.00 -75.22 -105.29 0.05 0.05
7 172498.00 -75.20 -105.28 0.05 0.05
7 172498.00 -75.18 -105.28 0.05 0.05
7 172498.00 -75.16 -105.27 0.05 0.05
7 172698.00 -73.26 -104.46 0.05 0.05
7 172698.00 -73.26 -104.46 0.05 0.05
7 172698.00 -73.26 -104.46 0.05 0.05
7 172698.00 -73.26 -104.46 0.05 0.05
7 172698.00 -73.26 -104.46 0.05 0.05
7 172698.00 -73.26 -104.46 0.05 0.05
7 172698.00 -73.26 -104.46 0.05 0.05
7 172698.00 -73.26 -104.46 0.05 0.05
7 173098.00 -70.01 -101.28 0.05 0.05
7 173098.00 -70.00 -101.26 0.05 0.05
7 173298.00 -68.58 -98.37 0.05 0.05
7 173298.00 -68.58 -98.37 0.05 0.05
7 173298.00 -68.58 -98.37 0.05 0.05
7 173298.00 -68.58 -98.37 0.05 0.05
7 173298.00 -68.58 -98.37 0.05 0.05
7 173298.00 -68.58 -98.37 0.05 0.05
7 173298.00 -68.58 -98.37 0.05 0.05
7 173298.00 -68.58 -98.37 0.05 0.05
7 173298.00 -68.58 -98.37 0.05 0.05
7 173498.00 -65.72 -92.93 0.05 0.05
7 173498.00 -65.72 -92.93 0.05 0.05
7 173498.00 -65.72 -92.93 0.05 0.05
7 173698.00 -62.33 -87.27 0.05 0.05
7 173698.00 -62.31 -87.23 0.05 0.05
7 173698.00 -62.29 -87.19 0.05 0.05
7 173698.00 -62.26 -87.15 0.05 0.05
7 173898.00 -59.70 -82.86 0.05 0.05
7 173898.00 -59.70 -82.86 0.05 0.05
7 173898.00 -59.70 -82.86 0.05 0.05
7 173898.00 -59.70 -82.86 0.05 0.05
7 173898.00 -59.70 -82.86 0.05 0.05
7 173898.00 -59.70 -82.86 0.05 0.05
7 173898.00 -59.70 -82.86 0.05 0.05
7 173898.00 -59.70 -82.86 0.05 0.05
7 173898.00 -59.70 -82.86 0.05 0.05
7 174498.00 -54.69 -69.82 0.05 0.05
7 174498.00 -54.69 -69.82 0.05 0.05
7 174498.00 -54.69 -69.82 0.05 0.05
7 174498.00 -54.69 -69.82 0.05 0.05
7 174698.00 -53.75 -64.09 0.05 0.05
7 174698.00 -53.75 -64.09 0.05 0.05
7 174698.00 -53.75 -64.09 0.05 0.05
7 174698.00 -53.75 -64.09 0.05 0.05
7 174898.00 -52.25 -54.71 0.05 0.05
7 174898.00 -52.24 -54.64 0.05 0.05
7 174898.00 -52.23 -54.57 0.05 0.05
7 174898.00 -52.22 -54.50 0.05 0.05
7 174898.00 -52.20 -54.44 0.05 0.05
7 175098.00 -50.79 -46.25 0.05 0.05
7 175098.00 -50.79 -46.25 0.05 0.05
7 175098.00 -50.79 -46.25 0.05 0.05
7 175298.00 -49.75 -41.34 0.05 0.05
7 175298.00 -49.75 -41.34 0.05 0.05
7 175298.00 -49.75 -41.34 0.05 0.05
7 175498.00 -46.82 -32.97 0.05 0.05
7 175498.00 -46.79 -32.90 0.05 0.05
8 178098.00 -49.48 -36.13 0.05 0.05
8 178098.00 -49.48 -36.13 0.05 0.05
8 178298.00 -57.26 -46.08 0.05 0.05
8 178298.00 -57.26 -46.08 0.05 0.05
8 178298.00 -57.26 -46.08 0.05 0.05
8 178298.00 -57.26 -46.08 0.05 0.05
8 178298.00 -57.26 -46.08 0.05 0.05
8 178298.00 -57.26 -46.08 0.05 0.05
8 178298.00 -57.26 -46.08 0.05 0.05
8 178298.00 -57.26 -46.08 0.05 0.05
8 178498.00 -61.81 -50.89 0.05 0.05
8 178698.00 -66.86 -55.07 0.05 0.05
8 178698.00 -66.86 -55.07 0.05 0.05
8 178898.00 -75.71 -61.41 0.05 0.05
8 178898.00 -75.71 -61.41 0.05 0.05
8 178898.00 -75.71 -61.41 0.05 0.05
8 178898.00 -75.71 -61.41 0.05 0.05
8 179298.00 -82.32 -66.21 0.05 0.05
8 179298.00 -82.32 -66.21 0.05 0.05
8 179298.00 -82.32 -66.21 0.05 0.05
8 179298.00 -82.32 -66.21 0.05 0.05
8 179298.00 -82.32 -66.21 0.05 0.05
8 179698.00 -99.00 -81.08 0.05 0.05
8 179698.00 -99.05 -81.13 0.05 0.05
8 179698.00 -99.11 -81.17 0.05 0.05
8 179698.00 -99.16 -81.22 0.05 0.05
8 179898.00 -108.74 -88.80 0.05 0.05
8 179898.00 -108.74 -88.80 0.05 0.05
8 180098.00 -114.06 -92.83 0.05 0.05
8 180098.00 -114.06 -92.83 0.05 0.05
8 180098.00 -114.06 -92.83 0.05 0.05
8 180098.00 -114.06 -92.83 0.05 0.05
8 180098.00 -114.06 -92.83 0.05 0.05
8 180098.00 -114.06 -92.83 0.05 0.05
8 180098.00 -114.06 -92.83 0.05 0.05
8 180098.00 -114.06 -92.83 0.05 0.05
8 180098.00 -114.06 -92.83 0.05 0.05
8 180298.00 -117.77 -95.72 0.05 0.05
8 180298.00 -117.83 -95.77 0.05 0.05
8 180298.00 -117.89 -95.82 0.05 0.05
8 180298.00 -117.96 -95.87 0.05 0.05
8 180298.00 -118.02 -95.92 0.05 0.05
8 180498.00 -128.81 -105.61 0.05 0.05
8 180698.00 -137.99 -114.74 0.05 0.05
8 180698.00 -137.99 -114.74 0.05 0.05
8 180698.00 -137.99 -114.74 0.05 0.05
8 180898.00 -146.92 -123.86 0.05 0.05
8 180898.00 -146.97 -123.91 0.05 0.05
8 181298.00 -161.99 -138.24 0.05 0.05
8 181298.00 -161.99 -138.24 0.05 0.05
8 181298.00 -161.99 -138.24 0.05 0.05
8 181498.00 -164.91 -140.60 0.05 0.05
8 181498.00 -164.92 -140.61 0.05 0.05
8 181698.00 -166.94 -142.06 0.05 0.05
8 181698.00 -166.94 -142.06 0.05 0.05
8 181698.00 -166.94 -142.06 0.05 0.05
8 181898.00 -168.92 -143.44 0.05 0.05
8 181898.00 -168.92 -143.44 0.05 0.05
8 181898.00 -168.92 -143.44 0.05 0.05
8 181898.00 -168.92 -143.44 0.05 0.05
8 181898.00 -168.92 -143.44 0.05 0.05
8 181898.00 -168.92 -143.44 0.05 0.05
8 182298.00 -169.87 -144.75 0.05 0.05
8 182498.00 -169.31 -145.99 0.05 0.05
8 182498.00 -169.31 -145.99 0.05 0.05
8 182498.00 -169.31 -145.99 0.05 0.05
8 182498.00 -169.31 -145.99 0.05 0.05
8 182498.00 -169.31 -145.99 0.05 0.05
8 182498.00 -169.31 -145.99 0.05 0.05
8 182498.00 -169.31 -145.99 0.05 0.05
8 182698.00 -168.56 -146.03 0.05 0.05
8 182898.00 -167.25 -145.63 0.05 0.05
8 183098.00 -165.68 -144.77 0.05 0.05
8 183098.00 -165.68 -144.77 0.05 0.05
8 183098.00 -165.68 -144.77 0.05 0.05
8 183098.00 -165.68 -144.77 0.05 0.05
8 183298.00 -163.32 -142.27 0.05 0.05
8 183298.00 -163.31 -142.25 0.05 0.05
8 183298.00 -163.30 -142.23 0.05 0.05
8 183298.00 -163.28 -142.22 0.05 0.05
8 183298.00 -163.27 -142.20 0.05 0.05
8 183298.00 -163.25 -142.18 0.05 0.05
8 183498.00 -161.13 -138.79 0.05 0.05
8 183498.00 -161.13 -138.79 0.05 0.05
8 183498.00 -161.13 -138.79 0.05 0.05
8 183498.00 -161.13 -138.79 0.05 0.05
8 183498.00 -161.13 -138.79 0.05 0.05
8 183698.00 -158.71 -133.65 0.05 0.05
8 183698.00 -158.71 -133.65 0.05 0.05
8 183898.00 -155.87 -126.75 0.05 0.05
8 183898.00 -155.85 -126.70 0.05 0.05
8 183898.00 -155.83 -126.66 0.05 0.05
8 183898.00 -155.81 -126.61 0.05 0.05
8 183898.00 -155.79 -126.57 0.05 0.05
8 184098.00 -152.51 -118.25 0.05 0.05
8 184098.00 -152.51 -118.25 0.05 0.05
8 184298.00 -148.95 -109.72 0.05 0.05
8 184498.00 -145.71 -103.80 0.05 0.05
8 184498.00 -145.67 -103.74 0.05 0.05
8 184898.00 -133.32 -89.82 0.05 0.05
8 184898.00 -133.32 -89.82 0.05 0.05
8 184898.00 -133.32 -89.82 0.05 0.05
8 184898.00 -133.32 -89.82 0.05 0.05
8 185298.00 -111.81 -69.59 0.05 0.05
8 185298.00 -111.81 -69.59 0.05 0.05
8 185298.00 -111.81 -69.59 0.05 0.05
8 185498.00 -101.50 -58.82 0.05 0.05
8 185498.00 -101.50 -58.82 0.05 0.05
8 185498.00 -101.50 -58.82 0.05 0.05
8 185498.00 -101.50 -58.82 0.05 0.05
8 185698.00 -94.03 -50.96 0.05 0.05
8 185898.00 -83.81 -41.74 0.05 0.05
8 185898.00 -83.81 -41.74 0.05 0.05
8 186298.00 -70.69 -33.77 0.05 0.05
8 186298.00 -70.64 -33.76 0.05 0.05
8 186498.00 -67.04 -32.84 0.05 0.05
8 186498.00 -67.04 -32.84 0.05 0.05
8 186698.00 -62.75 -32.91 0.05 0.05
8 186698.00 -62.75 -32.91 0.05 0.05
8 186698.00 -62.75 -32.91 0.05 0.05
8 186698.00 -62.75 -32.91 0.05 0.05
8 186698.00 -62.75 -32.91 0.05 0.05
8 186698.00 -62.75 -32.91 0.05 0.05
8 186898.00 -59.72 -33.79 0.05 0.05
8 186898.00 -59.69 -33.80 0.05 0.05
8 186898.00 -59.67 -33.81 0.05 0.05
8 186898.00 -59.64 -33.83 0.05 0.05
8 186898.00 -59.62 -33.84 0.05 0.05
8 186898.00 -59.60 -33.85 0.05 0.05
8 187098.00 -57.16 -35.76 0.05 0.05
8 187098.00 -57.16 -35.76 0.05 0.05
8 187098.00 -57.16 -35.76 0.05 0.05
8 187298.00 -55.19 -38.75 0.05 0.05
8 187298.00 -55.19 -38.75 0.05 0.05
8 187298.00 -55.19 -38.75 0.05 0.05
8 187298.00 -55.19 -38.75 0.05 0.05
8 187298.00 -55.19 -38.75 0.05 0.05
8 187298.00 -55.19 -38.75 0.05 0.05
8 187698.00 -55.83 -42.49 0.05 0.05
8 187698.00 -55.83 -42.49 0.05 0.05
8 187698.00 -55.83 -42.49 0.05 0.05
8 187698.00 -55.83 -42.49 0.05 0.05
8 187698.00 -55.83 -42.49 0.05 0.05
8 187698.00 -55.83 -42.49 0.05 0.05
8 187698.00 -55.83 -42.49 0.05 0.05
8 187698.00 -55.83 -42.49 0.05 0.05
8 187698.00 -55.83 -42.49 0.05 0.05
8 187698.00 -55.83 -42.49 0.05 0.05
8 187698.00 -55.83 -42.49 0.05 0.05
8 187698.00 -55.83 -42.49 0.05 0.05
8 187898.00 -57.45 -43.57 0.05 0.05
8 187898.00 -57.45 -43.57 0.05 0.05
8 187898.00 -57.45 -43.57 0.05 0.05
8 187898.00 -57.45 -43.57 0.05 0.05
8 187898.00 -57.45 -43.57 0.05 0.05
8 187898.00 -57.45 -43.57 0.05 0.05
9 190898.00 -57.68 -44.57 0.05 0.05
9 190898.00 -57.68 -44.57 0.05 0.05
9 190898.00 -57.68 -44.57 0.05 0.05
9 191098.00 -57.36 -46.30 0.05 0.05
9 191098.00 -57.36 -46.31 0.05 0.05
9 191098.00 -57.36 -46.32 0.05 0.05
9 191098.00 -57.36 -46.33 0.05 0.05
9 191498.00 -57.87 -48.77 0.05 0.05
9 191498.00 -57.87 -48.77 0.05 0.05
9 191698.00 -57.93 -49.36 0.05 0.05
9 191698.00 -57.93 -49.37 0.05 0.05
9 191698.00 -57.93 -49.37 0.05 0.05
9 191698.00 -57.93 -49.38 0.05 0.05
9 192098.00 -58.59 -51.02 0.05 0.05
9 192298.00 -60.16 -52.90 0.05 0.05
9 192698.00 -70.97 -67.49 0.05 0.05
9 192698.00 -70.97 -67.49 0.05 0.05
9 193098.00 -80.07 -79.92 0.05 0.05
9 193098.00 -80.07 -79.92 0.05 0.05
9 193098.00 -80.07 -79.92 0.05 0.05
9 193098.00 -80.07 -79.92 0.05 0.05
9 193098.00 -80.07 -79.92 0.05 0.05
9 193098.00 -80.07 -79.92 0.05 0.05
9 193098.00 -80.07 -79.92 0.05 0.05
9 193098.00 -80.07 -79.92 0.05 0.05
9 193098.00 -80.07 -79.92 0.05 0.05
9 193098.00 -80.07 -79.92 0.05 0.05
9 193098.00 -80.07 -79.92 0.05 0.05
9 193098.00 -80.07 -79.92 0.05 0.05
9 193098.00 -80.07 -79.92 0.05 0.05
9 193098.00 -80.07 -79.92 0.05 0.05
9 193098.00 -80.07 -79.92 0.05 0.05
9 193098.00 -80.07 -79.92 0.05 0.05
9 193098.00 -80.07 -79.92 0.05 0.05
9 193098.00 -80.07 -79.92 0.05 0.05
9 193098.00 -80.07 -79.92 0.05 0.05
9 193098.00 -80.07 -79.92 0.05 0.05
9 193098.00 -80.07 -79.92 0.05 0.05
9 193098.00 -80.07 -79.92 0.05 0.05
9 193298.00 -86.56 -87.24 0.05 0.05
9 193298.00 -86.56 -87.24 0.05 0.05
9 193298.00 -86.56 -87.24 0.05 0.05
9 193298.00 -86.56 -87.24 0.05 0.05
9 193298.00 -86.56 -87.24 0.05 0.05
9 193298.00 -86.56 -87.24 0.05 0.05
9 193498.00 -90.58 -91.34 0.05 0.05
9 193498.00 -90.63 -91.38 0.05 0.05
9 193498.00 -90.67 -91.43 0.05 0.05
9 193898.00 -98.37 -100.71 0.05 0.05
9 193898.00 -98.37 -100.71 0.05 0.05
9 193898.00 -98.37 -100.71 0.05 0.05
9 193898.00 -98.37 -100.71 0.05 0.05
9 193898.00 -98.37 -100.71 0.05 0.05
9 193898.00 -98.37 -100.71 0.05 0.05
9 193898.00 -98.37 -100.71 0.05 0.05
9 193898.00 -98.37 -100.71 0.05 0.05
9 193898.00 -98.37 -100.71 0.05 0.05
9 193898.00 -98.37 -100.71 0.05 0.05
9 193898.00 -98.37 -100.71 0.05 0.05
9 194098.00 -101.10 -105.24 0.05 0.05
9 194098.00 -101.11 -105.27 0.05 0.05
9 194098.00 -101.13 -105.29 0.05 0.05
9 194098.00 -101.14 -105.32 0.05 0.05
9 194498.00 -104.82 -109.80 0.05 0.05
9 194498.00 -104.82 -109.80 0.05 0.05
9 194498.00 -104.82 -109.80 0.05 0.05
9 195098.00 -111.22 -112.07 0.05 0.05
9 195698.00 -115.13 -113.66 0.05 0.05
9 195698.00 -115.13 -113.66 0.05 0.05
9 195698.00 -115.13 -113.66 0.05 0.05
9 195698.00 -115.13 -113.66 0.05 0.05
9 195698.00 -115.13 -113.66 0.05 0.05
9 196098.00 -115.63 -112.84 0.05 0.05
9 196098.00 -115.63 -112.84 0.05 0.05
9 196298.00 -114.45 -112.77 0.05 0.05
9 196498.00 -112.89 -113.59 0.05 0.05
9 196498.00 -112.88 -113.59 0.05 0.05
9 196498.00 -112.87 -113.60 0.05 0.05
9 196498.00 -112.86 -113.61 0.05 0.05
9 196498.00 -112.85 -113.62 0.05 0.05
9 196698.00 -110.98 -115.54 0.05 0.05
9 196698.00 -110.98 -115.54 0.05 0.05
9 196898.00 -109.11 -117.29 0.05 0.05
9 196898.00 -109.11 -117.29 0.05 0.05
9 196898.00 -109.11 -117.29 0.05 0.05
9 196898.00 -109.11 -117.29 0.05 0.05
9 196898.00 -109.11 -117.29 0.05 0.05
9 196898.00 -109.11 -117.29 0.05 0.05
9 196898.00 -109.11 -117.29 0.05 0.05
9 196898.00 -109.11 -117.29 0.05 0.05
9 197298.00 -104.35 -116.94 0.05 0.05
9 197298.00 -104.35 -116.94 0.05 0.05
9 197298.00 -104.35 -116.94 0.05 0.05
9 197298.00 -104.35 -116.94 0.05 0.05
9 197298.00 -104.35 -116.94 0.05 0.05
9 197298.00 -104.35 -116.94 0.05 0.05
9 197298.00 -104.35 -116.94 0.05 0.05
9 197498.00 -99.87 -114.75 0.05 0.05
9 197498.00 -99.87 -114.75 0.05 0.05
9 197498.00 -99.87 -114.75 0.05 0.05
9 197498.00 -99.87 -114.75 0.05 0.05
9 197498.00 -99.87 -114.75 0.05 0.05
9 197498.00 -99.87 -114.75 0.05 0.05
9 197498.00 -99.87 -114.75 0.05 0.05
9 197498.00 -99.87 -114.75 0.05 0.05
9 197498.00 -99.87 -114.75 0.05 0.05
9 197498.00 -99.87 -114.75 0.05 0.05
9 197498.00 -99.87 -114.75 0.05 0.05
9 197498.00 -99.87 -114.75 0.05 0.05
9 197498.00 -99.87 -114.75 0.05 0.05
9 197698.00 -95.42 -111.55 0.05 0.05
9 197898.00 -92.68 -108.78 0.05 0.05
9 197898.00 -92.68 -108.78 0.05 0.05
9 197898.00 -92.68 -108.78 0.05 0.05
9 197898.00 -92.68 -108.78 0.05 0.05
9 197898.00 -92.68 -108.78 0.05 0.05
9 197898.00 -92.68 -108.78 0.05 0.05
9 197898.00 -92.68 -108.78 0.05 0.05
9 197898.00 -92.68 -108.78 0.05 0.05
9 197898.00 -92.68 -108.78 0.05 0.05
9 197898.00 -92.68 -108.78 0.05 0.05
9 197898.00 -92.68 -108.78 0.05 0.05
9 197898.00 -92.68 -108.78 0.05 0.05
9 197898.00 -92.68 -108.78 0.05 0.05
9 197898.00 -92.68 -108.78 0.05 0.05
9 197898.00 -92.68 -108.78 0.05 0.05
9 197898.00 -92.68 -108.78 0.05 0.05
9 197898.00 -92.68 -108.78 0.05 0.05
9 197898.00 -92.68 -108.78 0.05 0.05
9 197898.00 -92.68 -108.78 0.05 0.05
9 197898.00 -92.68 -108.78 0.05 0.05
9 198498.00 -82.37 -88.01 0.05 0.05
9 198498.00 -82.37 -88.01 0.05 0.05
9 198498.00 -82.37 -88.01 0.05 0.05
9 198498.00 -82.37 -88.01 0.05 0.05
9 198498.00 -82.37 -88.01 0.05 0.05
9 198698.00 -77.98 -78.40 0.05 0.05
9 199098.00 -71.06 -66.73 0.05 0.05
9 199098.00 -71.06 -66.73 0.05 0.05
9 199098.00 -71.06 -66.73 0.05 0.05
9 199098.00 -71.06 -66.73 0.05 0.05
9 199098.00 -71.06 -66.73 0.05 0.05
9 199098.00 -71.06 -66.73 0.05 0.05
9 199298.00 -62.99 -57.93 0.05 0.05
9 199298.00 -62.99 -57.93 0.05 0.05
9 199498.00 -54.47 -50.34 0.05 0.05
9 199498.00 -54.41 -50.29 0.05 0.05
9 199498.00 -54.35 -50.24 0.05 0.05
9 199698.00 -45.47 -43.05 0.05 0.05
9 199898.00 -42.97 -41.00 0.05 0.05
9 199898.00 -42.97 -41.00 0.05 0.05
9 199898.00 -42.97 -41.00 0.05 0.05
9 199898.00 -42.97 -41.00 0.05 0.05
9 199898.00 -42.97 -41.00 0.05 0.05
9 199898.00 -42.97 -41.00 0.05 0.05
9 199898.00 -42.97 -41.00 0.05 0.05
9 199898.00 -42.97 -41.00 0.05 0.05
9 199898.00 -42.97 -41.00 0.05 0.05
9 199898.00 -42.97 -41.00 0.05 0.05
9 200098.00 -29.84 -29.22 0.05 0.05
9 200098.00 -29.78 -29.16 0.05 0.05
9 200098.00 -29.71 -29.10 0.05 0.05
9 200098.00 -29.64 -29.03 0.05 0.05
9 200098.00 -29.58 -28.97 0.05 0.05
9 200098.00 -29.51 -28.91 0.05 0.05
9 200098.00 -29.45 -28.85 0.05 0.05
9 200098.00 -29.38 -28.79 0.05 0.05
9 200298.00 -16.48 -16.42 0.05 0.05
9 200298.00 -16.48 -16.42 0.05 0.05
9 200298.00 -16.48 -16.42 0.05 0.05
9 200298.00 -16.48 -16.42 0.05 0.05
9 200298.00 -16.48 -16.42 0.05 0.05
9 200298.00 -16.48 -16.42 0.05 0.05
9 200698.00 -6.43 -6.99 0.05 0.05
9 200698.00 -6.38 -6.94 0.05 0.05
9 200698.00 -6.33 -6.90 0.05 0.05
10 204498.00 -17.72 -13.89 0.05 0.05
10 204498.00 -17.72 -13.89 0.05 0.05
10 204498.00 -17.72 -13.89 0.05 0.05
10 204498.00 -17.72 -13.89 0.05 0.05
10 204498.00 -17.72 -13.89 0.05 0.05
10 204498.00 -17.72 -13.89 0.05 0.05
10 204698.00 -28.20 -20.14 0.05 0.05
10 204898.00 -34.65 -23.88 0.05 0.05
10 204898.00 -34.70 -23.91 0.05 0.05
10 204898.00 -34.75 -23.94 0.05 0.05
10 205298.00 -45.35 -31.68 0.05 0.05
10 205298.00 -45.35 -31.68 0.05 0.05
10 205498.00 -49.08 -36.76 0.05 0.05
10 205898.00 -53.15 -43.63 0.05 0.05
10 205898.00 -53.15 -43.63 0.05 0.05
10 205898.00 -53.15 -43.63 0.05 0.05
10 205898.00 -53.15 -43.63 0.05 0.05
10 205898.00 -53.15 -43.63 0.05 0.05
10 205898.00 -53.15 -43.63 0.05 0.05
10 205898.00 -53.15 -43.63 0.05 0.05
10 205898.00 -53.15 -43.63 0.05 0.05
10 205898.00 -53.15 -43.63 0.05 0.05
10 205898.00 -53.15 -43.63 0.05 0.05
10 205898.00 -53.15 -43.63 0.05 0.05
10 205898.00 -53.15 -43.63 0.05 0.05
10 205898.00 -53.15 -43.63 0.05 0.05
10 205898.00 -53.15 -43.63 0.05 0.05
10 205898.00 -53.15 -43.63 0.05 0.05
10 206098.00 -55.33 -46.96 0.05 0.05
10 206098.00 -55.35 -46.98 0.05 0.05
10 206098.00 -55.36 -47.00 0.05 0.05
10 206098.00 -55.37 -47.02 0.05 0.05
10 206298.00 -56.04 -48.15 0.05 0.05
10 206298.00 -56.04 -48.15 0.05 0.05
10 206298.00 -56.04 -48.15 0.05 0.05
10 206298.00 -56.04 -48.15 0.05 0.05
10 206298.00 -56.04 -48.15 0.05 0.05
10 206298.00 -56.04 -48.15 0.05 0.05
10 206298.00 -56.04 -48.15 0.05 0.05
10 206298.00 -56.04 -48.15 0.05 0.05
10 206298.00 -56.04 -48.15 0.05 0.05
10 206298.00 -56.04 -48.15 0.05 0.05
10 206298.00 -56.04 -48.15 0.05 0.05
10 206298.00 -56.04 -48.15 0.05 0.05
10 206298.00 -56.04 -48.15 0.05 0.05
10 206298.00 -56.04 -48.15 0.05 0.05
10 206298.00 -56.04 -48.15 0.05 0.05
10 206298.00 -56.04 -48.15 0.05 0.05
10 206298.00 -56.04 -48.15 0.05 0.05
10 206298.00 -56.04 -48.15 0.05 0.05
10 206298.00 -56.04 -48.15 0.05 0.05
10 206898.00 -54.74 -49.76 0.05 0.05
10 206898.00 -54.74 -49.76 0.05 0.05
10 207298.00 -55.01 -50.59 0.05 0.05
10 207498.00 -55.55 -50.38 0.05 0.05
10 207498.00 -55.55 -50.38 0.05 0.05
10 207498.00 -55.55 -50.38 0.05 0.05
10 207498.00 -55.55 -50.38 0.05 0.05
10 207698.00 -56.12 -48.65 0.05 0.05
10 207698.00 -56.12 -48.65 0.05 0.05
10 207898.00 -56.40 -45.97 0.05 0.05
10 208098.00 -56.27 -42.32 0.05 0.05
10 208098.00 -56.27 -42.32 0.05 0.05
10 208298.00 -55.29 -38.50 0.05 0.05
10 208498.00 -53.22 -35.65 0.05 0.05
10 208498.00 -53.20 -35.62 0.05 0.05
10 209098.00 -39.39 -25.82 0.05 0.05
10 209098.00 -39.35 -25.80 0.05 0.05
10 209298.00 -35.83 -23.74 0.05 0.05
10 209298.00 -35.83 -23.74 0.05 0.05
10 209298.00 -35.83 -23.74 0.05 0.05
10 209298.00 -35.83 -23.74 0.05 0.05
10 209298.00 -35.83 -23.74 0.05 0.05
10 209298.00 -35.83 -23.74 0.05 0.05
10 209298.00 -35.83 -23.74 0.05 0.05
10 209298.00 -35.83 -23.74 0.05 0.05
10 209498.00 -29.37 -20.25 0.05 0.05
10 209498.00 -29.37 -20.25 0.05 0.05
10 209498.00 -29.37 -20.25 0.05 0.05
10 209698.00 -24.18 -17.57 0.05 0.05
10 209698.00 -24.14 -17.55 0.05 0.05
10 209698.00 -24.11 -17.53 0.05 0.05
10 209698.00 -24.07 -17.51 0.05 0.05
10 209698.00 -24.03 -17.49 0.05 0.05
10 209698.00 -23.99 -17.47 0.05 0.05
10 209698.00 -23.96 -17.45 0.05 0.05
10 209698.00 -23.92 -17.43 0.05 0.05
10 210098.00 -13.09 -9.77 0.05 0.05
10 210098.00 -13.09 -9.77 0.05 0.05
10 210098.00 -13.09 -9.77 0.05 0.05
10 210098.00 -13.09 -9.77 0.05 0.05
10 210098.00 -13.09 -9.77 0.05 0.05
10 210098.00 -13.09 -9.77 0.05 0.05
10 210298.00 -10.43 -6.78 0.05 0.05
10 210498.00 -6.90 -1.04 0.05 0.05
10 210498.00 -6.90 -1.04 0.05 0.05
10 210698.00 -2.73 6.79 0.05 0.05
10 210898.00 1.04 13.46 0.05 0.05
10 210898.00 1.07 13.50 0.05 0.05
10 211098.00 4.07 18.39 0.05 0.05
10 211098.00 4.07 18.39 0.05 0.05
10 211098.00 4.07 18.39 0.05 0.05
10 211098.00 4.07 18.39 0.05 0.05
10 211098.00 4.07 18.39 0.05 0.05
10 211098.00 4.07 18.39 0.05 0.05
10 211298.00 5.18 20.29 0.05 0.05
10 211298.00 5.18 20.29 0.05 0.05
10 211298.00 5.18 20.29 0.05 0.05
10 211298.00 5.18 20.29 0.05 0.05
10 211298.00 5.18 20.29 0.05 0.05
10 211498.00 6.69 23.92 0.05 0.05
10 211498.00 6.70 23.94 0.05 0.05
10 211698.00 7.22 25.74 0.05 0.05
10 211698.00 7.22 25.74 0.05 0.05
10 211698.00 7.22 25.74 0.05 0.05
10 211698.00 7.22 25.74 0.05 0.05
10 212098.00 8.51 27.28 0.05 0.05
10 212098.00 8.52 27.28 0.05 0.05
10 212098.00 8.53 27.28 0.05 0.05
10 212098.00 8.54 27.28 0.05 0.05
10 212098.00 8.55 27.29 0.05 0.05
10 212298.00 9.65 27.10 0.05 0.05
10 212298.00 9.65 27.10 0.05 0.05
10 212298.00 9.65 27.10 0.05 0.05
10 212298.00 9.65 27.10 0.05 0.05
10 212298.00 9.65 27.10 0.05 0.05
10 212498.00 11.45 25.69 0.05 0.05
10 212498.00 11.45 25.69 0.05 0.05
10 212498.00 11.45 25.69 0.05 0.05
10 212498.00 11.45 25.69 0.05 0.05
10 212498.00 11.45 25.69 0.05 0.05
10 212498.00 11.45 25.69 0.05 0.05
10 212498.00 11.45 25.69 0.05 0.05
10 212498.00 11.45 25.69 0.05 0.05
10 212498.00 11.45 25.69 0.05 0.05
10 212498.00 11.45 25.69 0.05 0.05
10 212498.00 11.45 25.69 0.05 0.05
10 212698.00 11.93 24.72 0.05 0.05
10 212898.00 11.68 23.79 0.05 0.05
10 212898.00 11.68 23.79 0.05 0.05
10 212898.00 11.68 23.79 0.05 0.05
10 212898.00 11.68 23.79 0.05 0.05
10 213298.00 9.64 20.72 0.05 0.05
10 213498.00 9.05 19.37 0.05 0.05
10 213498.00 9.05 19.37 0.05 0.05
10 213498.00 9.05 19.37 0.05 0.05
10 213498.00 9.05 19.37 0.05 0.05
10 213498.00 9.05 19.37 0.05 0.05
10 213498.00 9.05 19.37 0.05 0.05
10 213498.00 9.05 19.37 0.05 0.05
10 213498.00 9.05 19.37 0.05 0.05
10 213498.00 9.05 19.37 0.05 0.05
10 213498.00 9.05 19.37 0.05 0.05
10 213498.00 9.05 19.37 0.05 0.05
10 214098.00 9.81 18.04 0.05 0.05
10 214098.00 9.81 18.04 0.05 0.05
10 214098.00 9.81 18.04 0.05 0.05
10 214098.00 9.81 18.04 0.05 0.05
11 447698.00 11.96 21.68 -0.34 -0.34
11 447698.00 11.96 21.68 -0.34 -0.34
11 447698.00 11.96 21.68 -0.34 -0.34
11 447698.00 11.96 21.68 -0.34 -0.34
11 447698.00 11.96 21.68 -0.34 -0.34
11 447698.00 11.96 21.68 -0.34 -0.34
11 447698.00 11.96 21.68 -0.34 -0.34
11 447698.00 11.96 21.68 -0.34 -0.34
11 447698.00 11.96 21.68 -0.34 -0.34
