1.455829752902E12
1 25354.0 false -1 CLEAR true 10016.0 -7.00 0.00 0.00 0.00 0.00 0.00 0.00 0.00 10000.0 0.00 0.00 0.00 0.00 0.00 0.00 
2 39884.0 true 0 CLEAR false 10006.0 -7.00 0.00 0.00 0.00 0.00 0.00 0.00 0.00 10000.0 0.00 0.00 0.00 0.00 0.00 0.00 
3 55026.0 false -1 DANGER true 10001.0 -7.00 1.62 0.00 0.00 0.00 0.00 0.00 0.00 10000.0 0.00 0.00 0.00 0.00 0.00 0.00 
4 67819.0 true 1 DANGER false 10018.0 -7.00 3.96 0.00 0.00 0.00 0.00 0.00 0.00 10000.0 0.00 0.00 0.00 0.00 0.00 0.00 
5 139998.0 false -1 CLEAR true 536.0 -5.11 9.26 0.00 0.00 0.00 0.00 0.00 0.00 10000.0 0.00 0.00 0.00 0.00 0.00 0.00 
6 153961.0 false -1 CLEAR true 789.0 -5.16 0.00 0.00 0.00 0.00 0.00 0.00 0.00 10000.0 0.00 0.00 0.00 0.00 0.00 0.00 
7 175580.0 false -1 CLEAR true 10001.0 -7.00 0.00 0.00 0.00 0.00 0.00 0.00 0.00 10000.0 0.00 0.00 0.00 0.00 0.00 0.00 
8 188006.0 true 2 CLEAR false 10011.0 -7.00 0.00 0.00 0.00 0.00 0.00 0.00 0.00 10000.0 0.00 0.00 0.00 0.00 0.00 0.00 
9 200748.0 false -1 CLEAR true 10028.0 -7.01 0.40 0.00 0.00 0.00 0.00 0.00 0.00 10000.0 0.00 0.00 0.00 0.00 0.00 0.00 
10 214238.0 true 2 DANGER false 10003.0 -7.00 4.76 0.00 0.00 0.00 0.00 0.00 0.00 10000.0 0.00 0.00 0.00 0.00 0.00 0.00 
